0.75925
0.49947
1.09040
1.25854
0.38858
0.70023
0.53390
1.06156
1.35841
0.74436
0.29857
1.31821
0.39099
1.77720
0.78556
0.84704
1.37199
1.00486
0.88657
0.82544
1.17206
0.96300
0.80780
1.76398
0.82428
1.33354
0.63679
0.83847
0.70642
1.80292
2.04219
1.38310
0.59700
0.56297
0.48947
0.21423
0.72605
0.85232
1.10053
1.03083
1.08820
1.17414
1.07916
1.02521
0.71760
0.65648
0.53931
0.47719
0.59176
0.14322
0.75517
0.91407
0.89461
0.06556
0.61956
0.42714
0.68309
1.34219
0.29486
0.88082
0.21946
0.66780
0.53015
0.61507
1.21069
0.81013
0.77113
0.88692
0.38471
1.16234
0.37859
0.42186
1.11521
0.38675
0.66619
0.87531
0.53492
1.00929
2.12066
0.59702
1.23404
1.05723
0.56034
0.36979
0.80250
1.06564
1.24640
0.77151
1.23056
0.59778
1.67293
1.29225
0.46712
0.61678
0.17582
0.84302
0.45401
0.51159
0.88078
0.81846
0.94304
1.06037
1.28177
0.92693
1.04985
0.72298
0.93815
1.43701
0.77043
0.73908
0.49350
0.43867
0.68919
0.42072
1.53010
0.64589
1.28086
1.09924
1.13294
0.73511
0.79739
0.58712
0.90615
0.58376
1.01531
0.95631
1.33232
0.35201
0.40884
0.51454
1.31404
0.32661
1.11865
1.85378
1.24846
0.87864
0.38126
1.71627
1.50504
1.01197
0.90272
0.42875
0.52815
1.09525
0.84526
0.89932
0.43927
0.88354
0.68344
1.57688
0.40813
0.73140
0.62857
1.79828
0.20884
1.11019
1.43851
1.08038
1.24270
0.20078
0.42907
1.00480
1.12851
0.44547
0.81599
1.60138
0.89652
1.21818
0.93381
1.40887
0.40378
0.41319
0.86434
0.88464
0.87526
1.43736
1.04160
1.06284
1.31606
1.49117
1.75033
1.58391
1.75239
1.71584
0.40486
1.36400
0.64848
0.61542
1.82129
0.66408
0.86060
1.81387
1.06052
0.32946
0.54642
0.51731
0.32071
0.64963
1.23019
0.37583
1.04643
0.75336
1.22907
1.69198
0.72976
0.54589
0.72527
0.24969
1.17100
0.79579
0.62452
0.32952
1.24524
1.14528
0.71267
0.61633
0.33652
1.15490
0.99930
0.36671
0.44647
0.90705
1.75638
1.06450
1.40686
1.61169
1.26732
0.95549
0.36813
0.94115
1.02545
0.88750
1.15884
1.24851
0.69656
0.38503
0.54690
0.79859
0.54024
0.98473
0.33706
1.13077
0.42360
0.59908
1.31767
0.70202
0.88225
1.69403
0.59320
0.43456
0.96203
0.94752
0.90644
0.80943
1.15194
0.74833
0.51221
0.56726
0.72031
0.35844
0.54901
0.97641
0.33441
1.37993
1.02814
1.38336
0.59039
0.78510
0.95006
0.77484
1.99104
0.99096
0.46389
0.85131
1.28316
0.58678
0.75877
0.63547
0.52895
0.69638
0.85545
1.65146
1.05701
0.39455
0.90560
0.72703
1.35236
0.35105
1.25219
0.65253
0.92481
0.75315
1.12443
0.67233
1.17181
1.16180
0.91802
0.57154
0.89982
1.04233
1.04218
0.98627
0.76220
0.35907
0.36186
0.50662
0.39773
0.65954
1.02695
0.91122
1.07185
0.48515
1.42371
1.67432
0.67676
0.39653
1.16229
0.79631
0.55508
1.06040
1.27855
0.77179
0.10942
0.35974
0.74671
0.16366
1.80913
1.23400
0.99369
1.26385
1.10656
1.05418
1.58766
0.72828
0.52211
1.15869
1.06616
1.26006
1.26200
0.30600
1.15664
0.97599
0.86039
0.77076
0.17762
0.33051
0.25984
0.23716
1.01292
1.36796
0.93707
0.59525
1.09919
1.06787
1.23802
1.05627
0.96224
0.78504
0.59043
0.98678
0.65045
0.58368
2.15790
0.82676
0.86070
0.88901
0.69982
1.04839
0.43744
1.39553
0.59538
0.67462
1.52791
0.63325
0.48519
0.63708
0.35062
1.30701
0.96578
0.89643
1.39665
0.53255
1.34560
0.76865
1.15737
0.88232
1.30623
1.10991
0.73116
0.16752
1.13057
1.18688
0.99171
0.61631
0.89095
0.69097
0.78273
1.06231
0.46430
1.66898
1.39838
1.30947
1.44052
0.96281
1.05892
0.47187
2.04490
1.26103
0.58551
0.61328
0.63164
0.88159
0.79522
0.58556
0.62736
1.36517
1.02260
0.64793
0.47061
0.98287
0.55284
1.25976
0.79324
1.11494
1.98972
0.56296
0.51764
0.17879
1.09266
0.79661
0.88855
0.92823
1.36309
0.47773
1.30988
1.37513
0.63702
0.98534
0.74258
0.93521
1.43485
0.55061
0.59287
0.94710
1.56818
0.63484
1.13774
0.58910
2.08383
0.91269
0.47383
1.32060
0.78813
0.45863
1.04026
0.29618
0.21638
0.96011
1.31774
0.90075
1.13016
0.91958
1.34322
0.35032
1.01370
1.04502
1.13092
0.43707
1.21649
1.22302
0.85605
1.65324
0.81209
0.55341
1.42765
1.16527
1.39882
0.56702
1.17013
0.91694
0.46105
0.48524
0.96802
1.02258
0.33658
0.51903
1.19519
0.81121
1.14632
1.46292
1.20608
0.57007
0.82624
0.80958
2.21774
1.01876
0.79255
0.73272
0.68773
1.43272
0.87955
1.31817
0.57109
0.53275
0.77064
1.53923
1.31681
0.43245
1.67016
1.56353
1.83919
0.61143
0.54215
1.39629
0.65122
0.51188
0.63891
1.54300
0.99822
0.17087
1.15490
0.62789
1.47285
0.43804
0.88163
0.72574
1.07293
0.77748
1.25529
0.80750
0.28309
1.32349
0.42595
0.34059
0.55047
1.08965
0.79635
0.35580
0.67163
0.37758
1.59486
1.58613
0.43400
1.25057
1.08527
1.05651
0.50937
0.81415
1.46935
0.65885
0.73429
0.80864
0.72290
2.03457
1.42649
0.85887
1.26458
0.41624
0.33869
0.73519
0.88554
0.43130
1.25506
0.36304
1.18895
0.42771
0.88027
0.63909
0.93662
1.72992
1.03991
2.19551
1.05979
0.75068
0.68709
0.81131
0.95139
0.88938
1.06892
1.05350
0.77014
1.41492
0.74329
1.15898
1.20011
1.47310
1.75460
1.33950
0.49449
1.00470
0.69729
1.10486
1.72654
0.89269
0.87726
0.97235
0.63164
0.66212
0.91570
1.37115
0.68393
0.83511
0.50885
0.85351
0.64551
1.17390
1.04485
0.94743
1.12212
0.86442
0.98253
0.90055
0.98786
1.45610
0.33064
1.28352
0.71270
0.39434
1.16310
0.15487
0.28368
0.85620
0.49633
1.10312
0.99786
0.50620
0.81133
1.46671
0.72566
0.50895
0.64908
0.80931
1.90767
0.96850
1.52301
0.84682
1.03633
0.87014
1.56264
0.75210
0.85329
0.32976
1.31745
0.86362
0.70681
0.87270
1.04856
0.82741
0.41059
1.18138
1.29081
1.44147
0.53091
1.82192
0.71530
0.68962
1.14937
0.41866
0.94559
1.79066
1.79995
0.75598
0.73276
0.53020
1.11402
0.63326
0.43383
1.16578
1.23171
1.38161
1.14789
0.79384
1.06279
0.69095
1.04218
0.66386
0.76582
0.56269
0.14668
0.78653
0.64755
0.24398
1.26160
0.60046
0.54128
0.58405
1.22981
0.89064
1.03486
0.06413
0.90659
1.11547
1.06634
0.45186
0.62694
1.45546
0.63093
0.94110
0.82164
1.76255
1.29806
1.13128
1.51105
1.24618
1.69877
2.27626
1.23495
1.35318
0.73518
0.75136
1.89807
1.18198
1.34493
2.02835
1.15982
0.86318
0.72444
0.47438
0.78167
0.65154
0.56858
1.72474
1.08827
0.49166
1.73330
1.34473
0.78649
0.31914
0.95150
0.42088
0.37817
0.59665
1.05833
1.13188
0.77654
0.65560
1.50540
0.71700
0.84005
0.92191
1.17321
0.66264
0.53128
1.59370
0.43825
0.59843
0.14808
0.92848
0.61399
1.08791
0.63145
0.96011
1.01147
1.34520
0.87301
0.16942
1.27038
1.15332
0.68348
0.37886
0.38566
0.55120
0.88348
0.99770
0.90961
1.05611
1.23957
1.22440
1.66421
0.35356
0.80419
1.71448
0.92808
0.73601
0.92592
0.48169
1.28169
0.90151
1.05692
0.97761
1.33227
1.37681
1.09133
0.66387
0.74612
1.02336
0.61543
0.83361
1.76165
0.80971
1.25832
1.16066
0.80850
1.44972
0.73228
0.42344
0.37152
1.99589
0.83517
1.85595
0.61324
0.63694
0.94906
1.59275
0.80154
1.21584
1.59214
0.68992
0.97773
1.06580
1.22041
0.97007
0.70195
1.30310
1.01679
0.77209
1.18161
1.27468
0.70089
0.59189
0.69845
1.03115
0.61909
0.79590
1.36753
0.33756
1.07442
0.82098
1.39379
1.31876
1.09617
1.05700
1.05617
0.61790
1.23052
0.71036
0.56415
0.63004
0.65996
1.11858
0.48679
1.05116
0.16400
1.00918
1.02966
0.64469
0.69608
0.76268
0.60269
1.27315
1.16556
0.89191
0.79989
1.68243
0.56831
0.35966
0.87756
1.13501
1.24438
0.81228
0.99877
1.60240
0.89423
0.61795
0.79772
1.09811
1.80250
0.53333
1.57371
1.08554
1.81072
0.64890
1.49197
1.74808
0.52627
1.25890
1.01583
0.42136
1.56454
0.58838
0.79309
1.74746
0.57304
1.17813
0.99803
1.26610
1.61835
1.15641
1.43686
0.58680
0.96008
0.50737
1.03061
0.73776
1.20220
0.78399
0.99422
0.55944
0.85406
0.86861
1.27136
1.23805
1.11064
0.81700
0.51724
1.62988
1.38316
0.43159
0.28334
0.74901
0.58793
0.99111
1.18862
0.81659
1.24621
0.82762
0.54892
0.55615
0.74846
0.31207
0.71579
1.20166
1.29431
1.35369
0.62082
0.74551
1.49685
0.72712
0.83974
1.11376
0.99951
1.33834
1.65393
0.76753
0.93273
1.24988
0.53901
0.55941
1.10227
1.12489
0.67177
1.23354
0.87748
0.90842
1.00914
1.36351
0.80441
1.01590
0.93299
1.40921
0.78335
1.91923
0.34935
0.27710
1.24387
1.40539
1.63236
1.38132
1.58155
0.82779
1.06303
1.69538
1.18345
0.46439
1.26872
1.27575
1.60231
0.86445
0.67044
1.20673
1.27130
0.42954
1.36143
0.81453
1.10478
1.25580
1.12163
0.60523
0.97554
0.95086
1.42732
0.77781
0.89123
0.32562
1.12650
0.21724
0.95764
1.50159
0.61310
1.32889
1.28654
1.37212
0.95921
1.10931
0.82097
0.59941
0.63321
0.34855
0.66612
0.68874
