1.12419
0.98098
0.97474
0.85477
0.83929
0.55676
0.47143
1.38302
1.12953
0.91702
1.22003
1.08680
1.47045
1.01624
1.63233
0.79039
1.65113
0.85875
0.80874
0.57677
1.20072
1.20229
0.52746
1.41933
0.94308
1.26900
0.98906
0.78675
0.64682
0.81211
1.24853
0.55072
0.92442
1.31485
1.36501
0.57452
1.08133
0.66852
1.25293
0.75422
0.60079
0.60387
0.73444
0.94409
1.12529
0.80440
0.70399
1.01378
1.20299
0.88829
0.88125
0.60955
1.24792
1.21353
1.00141
1.15969
1.05004
0.27904
1.26438
1.05682
0.93163
0.67436
1.18532
0.43275
1.22977
0.38878
0.85363
0.50564
0.95165
0.24511
1.15058
0.98660
1.10617
0.72640
1.53104
1.43836
1.36383
0.90555
0.99700
1.23974
0.91735
1.31961
0.85077
1.13473
0.72033
0.44297
0.21215
0.63122
0.66636
1.11443
1.12228
0.74427
0.82197
0.48714
1.40581
1.25832
1.03314
1.43603
0.99224
0.94066
1.36786
0.20331
1.29953
0.74720
1.15674
0.35016
1.06360
1.23190
1.23132
1.09682
1.01754
0.46790
1.41188
1.45528
0.94735
0.88590
1.06108
0.89042
0.47112
1.15892
1.04574
0.82857
0.95986
1.20721
1.50872
0.96410
1.28249
0.77814
1.01284
1.26963
1.36049
0.69394
1.37028
0.86181
0.65205
0.93710
0.67551
1.06925
0.97217
0.63477
1.12802
0.29986
1.37265
0.98506
0.81058
1.03585
1.01470
0.82837
1.41787
0.21264
0.59905
0.85429
0.92522
0.96236
0.73502
0.67965
0.76336
1.07741
0.70072
0.94072
1.20983
0.48025
0.75291
1.23525
0.95703
0.84975
1.42582
1.31803
0.85505
1.11615
1.07728
0.85141
0.42089
1.04541
1.22778
0.83021
0.23563
1.42032
0.47750
0.75028
1.07822
0.71915
1.33242
1.14037
0.75606
0.70650
1.10707
0.83770
1.24042
1.04790
0.76868
1.64802
0.87609
1.18168
0.99325
1.13793
0.84042
0.91184
1.12799
1.29615
1.11786
0.66158
1.25779
1.01082
0.98324
0.89541
0.78050
1.18680
0.98355
0.88337
1.20538
0.85560
0.83724
0.84165
1.04230
1.16647
0.61068
1.12601
1.33649
0.95926
1.21519
1.15602
1.22895
1.29583
0.92723
0.97087
0.61920
0.75854
0.60832
0.83277
1.07447
1.23134
0.42399
0.57542
1.27175
1.28798
0.62330
0.49073
0.51085
0.51657
0.68268
1.31365
1.16390
1.31359
0.90018
1.12129
1.02041
0.76863
1.02332
0.64832
0.94107
0.86409
1.48743
0.92353
1.02290
1.15636
0.81092
1.04897
1.25136
1.33622
0.94785
0.95927
1.15372
0.64783
0.94926
1.10781
1.18093
1.45571
1.25094
0.77543
1.19872
0.80413
0.96143
0.42647
0.87916
0.43594
1.30849
1.03771
1.60329
0.97195
1.29623
1.14159
1.03454
0.54121
0.97507
0.91771
1.22714
1.22337
0.50564
0.78098
0.88351
1.34165
1.07880
1.19736
0.94415
0.94004
0.70378
0.87925
0.94687
0.67728
0.99475
0.94107
1.01851
0.91989
0.82480
0.55450
0.81786
1.20192
1.22614
1.13813
1.11661
0.97543
1.22137
0.94387
0.09611
0.76432
1.02406
0.66036
0.89273
0.69515
0.95496
0.85090
1.05171
1.01978
1.23133
1.15861
1.11574
0.82331
1.55579
0.79265
1.37947
0.85874
1.50517
1.26047
1.03239
1.43569
0.98617
0.84549
0.33660
0.91737
1.50406
0.74435
0.91676
0.96124
0.14061
0.68753
1.29115
1.27450
1.34011
0.35938
1.39114
0.68871
1.19654
1.24711
0.99075
0.95920
0.74042
0.18458
0.92204
0.49377
0.82649
0.66694
0.94622
1.05753
1.26899
0.44022
0.50375
1.17492
1.03839
0.81673
0.30606
1.08008
1.18079
1.42069
1.25277
1.17106
1.17486
1.04719
1.53737
0.79047
1.20817
1.16886
1.22182
0.23355
0.95973
0.77865
1.19084
1.10735
0.88536
1.01285
1.19712
1.28834
0.80029
1.03474
0.97573
0.89476
0.47817
1.35213
0.73534
1.09474
0.95437
0.85156
1.26861
1.06344
0.89419
1.31581
1.17489
0.48218
0.86128
1.01126
1.26403
0.72148
0.63626
0.96279
0.82942
1.04244
1.06122
0.44747
1.27768
0.94078
1.38551
0.96181
0.99838
0.80493
1.14621
0.79321
0.58675
1.38227
0.97888
1.04137
1.15129
0.94405
0.88994
0.86455
0.59924
0.92807
0.43883
0.52001
1.08731
1.15941
1.18009
0.90544
1.37347
1.15599
0.62777
1.02753
0.77912
0.91371
0.96158
0.86614
0.91032
0.45539
0.87929
0.79369
0.73273
1.33116
0.52169
0.76399
0.51955
1.06229
0.31309
1.26570
1.15678
1.15173
0.59274
0.99112
1.06640
0.81045
0.25169
0.90953
1.35238
1.19417
0.40395
1.36551
0.93263
0.91048
1.07813
0.70115
1.11206
1.42067
1.09961
0.97736
0.36072
1.13148
0.41927
1.40576
1.14806
0.76975
0.56535
0.92179
1.14770
0.97587
1.39569
1.12278
0.82594
1.10058
1.04611
0.67791
0.60352
0.71248
