0.80842
0.11724
0.64277
0.31447
0.18280
0.86119
0.14238
0.15883
0.46087
0.44101
0.68012
0.22488
0.44234
0.73634
0.47739
0.40099
0.84865
0.41585
0.27370
0.47123
1.02524
0.11582
0.55071
0.21127
0.39385
0.53333
0.32186
0.71805
1.09309
0.80577
0.61038
0.35689
0.17340
0.45005
0.98327
0.20578
0.15998
0.27383
0.38324
0.44353
0.64349
0.41488
0.82875
0.45636
0.67317
0.96256
0.29276
0.52169
0.95567
0.52734
1.53283
0.75496
0.74663
0.36069
0.70644
0.66726
0.37273
0.57684
0.42582
0.53250
0.36456
0.73791
0.83105
0.71250
0.52731
0.45471
