0.71960
1.09582
1.07155
0.55746
0.95258
0.97624
1.38480
0.85695
1.23603
1.25384
1.32302
1.00095
1.54296
1.23302
1.17406
0.86826
0.84774
0.79543
0.74978
1.08808
1.28207
0.51800
1.23073
0.96890
0.45640
0.78398
0.67056
1.51529
1.00723
0.82457
1.30253
0.33607
1.16336
0.84003
1.04752
0.84013
0.84194
1.15685
1.27806
0.63771
0.64247
1.05432
1.00087
0.90306
0.99085
1.29860
0.90687
1.17071
1.21255
1.08459
0.56644
0.92114
0.72677
0.58641
0.70710
1.20747
1.38924
0.44716
0.85397
1.18764
1.35799
0.85105
0.64979
1.00154
1.13773
0.76436
0.56344
0.91795
1.08050
0.96452
0.88461
1.02721
0.84855
1.48548
0.57636
1.03482
0.74771
0.71628
0.62869
1.34782
0.66629
0.20414
0.68335
0.72849
0.79561
1.39024
1.42830
0.53017
0.86450
0.41951
0.51173
1.26961
1.11748
0.75858
0.98051
1.21107
0.82219
1.03673
0.69575
1.26045
1.39881
1.12892
0.94627
0.97151
1.34045
0.89341
0.90001
0.50770
1.21748
1.10735
0.77298
0.92272
1.24815
0.83751
1.49706
1.32822
0.99772
1.06722
1.33224
1.02446
1.19632
0.78780
1.12673
1.11320
0.65591
0.46417
1.00713
1.31035
0.79805
1.06433
0.71446
0.79093
0.90110
1.20898
1.06866
0.87064
0.58480
1.43359
0.95879
1.37455
0.99234
1.13940
0.59277
1.06398
0.71534
1.12711
0.66799
1.22223
1.23079
1.35454
0.41328
1.14960
0.80914
1.11421
1.32948
1.22146
1.19063
0.65675
0.76694
1.17714
1.05899
0.61084
1.34922
1.04063
0.84410
0.36997
1.30849
1.23206
0.83625
0.65721
1.12409
0.66130
0.85346
0.61938
1.13408
0.64121
0.88009
0.71550
1.09121
1.22076
1.35846
1.48366
0.38195
0.73059
0.99955
0.60036
0.89994
1.53132
0.54071
1.11643
0.88960
1.17503
1.23178
0.87180
1.15922
1.31654
1.21612
1.35436
1.07358
1.58603
0.91062
0.50345
0.82384
1.01676
1.15083
0.42940
1.17639
1.34112
0.78633
0.91404
1.16176
0.19508
1.24838
0.71228
0.84283
0.91321
0.89720
1.03052
0.43414
0.39979
1.06374
0.92766
0.78890
0.68618
0.84044
1.12277
0.87143
0.90915
0.19486
0.61117
1.46109
1.03842
0.93091
0.51597
0.61509
0.90586
1.30301
0.88068
0.86465
1.16180
0.79279
0.43662
0.79183
0.74051
1.16653
0.41498
0.69167
0.68473
1.46399
1.04593
0.57552
0.52921
1.25553
1.02652
0.89993
0.91385
0.99222
1.30634
1.16316
0.26406
0.73080
1.14306
1.01902
1.25195
0.84042
0.81120
0.55241
1.00423
1.22895
1.19731
1.00464
1.01282
1.34526
1.09911
1.31681
1.13142
1.25849
0.63478
0.83330
1.05260
1.15823
0.77279
0.71379
1.08943
0.72369
0.98911
0.36896
0.90704
0.45999
1.31879
1.02866
1.34258
0.99738
1.08196
1.02525
1.04888
1.55325
1.32071
1.24936
1.28079
0.13876
1.25713
0.90105
0.94981
0.82490
1.30849
0.32585
1.06370
0.78754
1.31797
1.23358
1.19327
0.64061
0.22838
1.07081
0.86703
1.18777
0.62454
1.52008
0.81948
0.86905
1.35359
0.87611
1.46008
0.33997
0.88779
1.03402
0.96582
1.11447
0.98816
0.54036
0.76407
0.96717
0.74801
1.32071
1.12149
0.80240
1.13310
0.82728
0.44102
0.55155
0.56440
0.93524
1.11942
0.80873
0.66864
0.84779
1.09978
1.13068
0.76163
0.81842
0.81688
0.74244
0.99382
0.98843
1.44283
0.73144
0.83379
0.60250
1.13037
1.27440
1.12689
0.29905
0.59359
0.91111
1.00983
0.85766
0.65209
1.34466
1.00182
1.39106
1.10915
0.77721
0.94587
0.43985
0.61289
1.21632
0.71290
1.07228
1.11771
0.84490
1.05372
0.93924
1.15940
1.17326
1.50710
1.21940
1.28241
0.66094
1.25489
0.73342
0.97094
0.53711
0.80497
1.15440
1.11442
1.28647
1.09088
0.50255
0.67145
0.76333
1.02191
0.65806
0.60006
0.60491
1.20134
0.77383
1.14577
0.32822
1.30662
1.48278
0.65090
1.04661
1.00943
0.39451
1.06546
0.95393
1.01481
1.23036
0.86918
1.16691
1.26990
0.98353
1.16113
0.99835
0.89265
0.81438
0.57593
0.85006
1.31009
0.93202
1.24155
0.61288
1.08681
1.14033
0.76866
1.01268
0.88325
0.97165
0.22334
0.86890
1.08855
1.30504
1.22817
1.01564
0.91710
0.89712
0.77921
1.33835
0.62826
1.33083
0.89068
0.98378
0.56595
0.70661
1.08338
1.06675
0.47521
0.66412
1.01920
1.07103
1.01102
0.92113
1.04303
1.22664
0.98526
0.94649
1.05184
1.23580
1.20658
1.09793
0.93930
0.81546
1.44452
0.61148
1.28193
0.63725
1.15177
0.63857
0.90943
0.89105
0.50512
1.03666
1.24672
0.95700
1.06877
1.21185
0.97835
0.58173
0.85396
0.66456
0.80246
1.21290
0.98656
0.76966
1.09544
1.28088
0.97367
0.98029
1.43110
1.18273
1.17923
1.01952
0.96451
0.71556
1.00182
0.93785
1.02194
0.74360
1.22001
0.96976
1.01490
0.30038
1.10403
0.87424
0.26961
0.92497
1.34625
0.92293
0.69165
1.45223
0.56520
0.68867
0.87493
0.90813
1.00892
1.21584
0.92458
1.11155
1.22437
1.21297
0.38073
0.81019
0.72167
1.29332
1.19636
0.59422
0.91027
1.00786
1.19218
0.41327
1.04712
1.18709
1.31063
0.88771
1.01386
0.87139
1.13855
1.20813
0.86098
0.44304
1.12521
0.59445
0.45961
1.07555
0.90904
0.83684
1.01739
0.43749
0.72087
1.01868
0.60557
1.23159
0.82895
1.11154
0.83468
0.65466
0.74271
1.32500
1.02159
0.79593
1.61517
0.79366
0.66550
1.10599
0.97844
0.83458
0.76185
1.53339
1.09311
0.38046
0.58426
1.09366
1.04267
1.33145
0.97373
1.08847
1.02107
1.12969
0.62406
1.19608
0.46781
1.11521
1.07371
0.98213
1.44198
1.12817
1.10280
0.73580
0.74933
1.05926
0.96859
0.93709
1.16701
0.74797
0.75893
0.97557
1.03430
1.31777
0.49388
0.50760
0.89210
0.86653
0.89096
1.00839
1.37618
1.25766
0.76844
1.37882
0.92017
1.36913
0.67384
1.22974
0.88198
0.78839
0.92849
0.96642
1.24343
0.98644
0.97070
0.46730
1.34245
0.73276
0.58158
0.95307
0.98924
0.96396
1.03746
0.21899
1.14600
1.01678
0.89417
1.44231
1.50168
1.46842
0.99858
1.14090
0.81483
0.56604
0.41732
0.90569
1.03279
0.97319
0.93737
0.91370
0.70939
1.01813
0.91163
0.87501
1.24697
0.70568
0.46552
1.32929
1.30448
1.17637
1.30622
1.25615
0.53320
0.53587
0.71458
0.50898
0.79033
0.94176
1.51746
1.15708
1.17488
1.11114
1.05058
1.08834
1.47459
0.81979
0.59907
0.84106
0.72683
0.93420
0.39442
0.78233
1.04488
1.17242
0.30344
0.80053
0.77969
0.61304
0.67870
1.04196
1.08535
1.29053
0.70063
1.41138
0.55673
1.29158
1.41078
0.69708
1.05283
0.35323
1.16843
1.09941
0.83148
1.01224
1.01910
0.97122
0.65732
0.80271
1.16525
1.23773
1.41706
1.11161
1.16209
0.94809
0.95326
1.20121
1.14791
1.38418
0.81402
1.38818
1.50480
0.29798
0.48772
1.12923
0.89741
0.81778
0.90577
0.56849
0.87719
0.62983
0.77808
1.29587
0.72940
0.61069
1.13178
0.54121
0.66314
0.91317
0.86300
0.39369
1.10653
1.21488
1.05018
0.83579
0.92044
0.91323
0.44623
0.99329
1.07928
0.85334
1.31430
1.06743
1.01647
1.13933
1.39717
0.82360
0.88142
0.96386
1.17790
0.63673
0.33856
1.53442
0.71366
1.04505
0.73964
0.64537
0.93105
1.15667
0.15972
1.05259
1.17253
0.87005
1.17042
1.32666
0.66679
1.19770
1.17035
0.80673
0.83867
0.91099
1.18683
1.26083
0.92723
0.77711
1.33922
0.99507
0.86345
1.34444
0.96840
0.98567
0.73199
1.32689
0.84889
1.06555
0.50562
0.35464
1.15365
1.13869
0.74003
0.89158
1.00239
0.48350
1.20215
0.88190
0.35517
0.62212
0.60345
1.11782
1.34899
1.15634
0.80116
0.98311
0.85004
0.67285
0.96665
1.12496
1.14753
1.03970
0.72072
0.95499
1.29020
0.59694
1.00964
1.01324
0.77240
0.58287
0.33971
0.68026
1.08289
1.13208
1.22495
1.11144
1.17286
1.19243
0.35633
1.32794
1.03036
1.21088
0.79899
0.89164
1.14508
1.04185
0.61680
0.59625
0.70167
1.05004
1.14967
1.02545
0.48279
0.52099
0.65386
1.42554
1.06495
1.42365
1.32637
1.13498
0.52822
0.99600
0.85701
1.39136
0.65408
0.70896
0.73563
1.13523
1.00672
0.61081
1.26174
1.06731
1.06716
0.91918
0.88187
1.11408
1.33785
0.99607
0.79078
0.46412
0.90119
0.35998
1.25682
0.49232
0.93798
0.77951
0.85915
0.91583
0.90711
0.79254
1.17035
0.94670
1.16837
1.09363
1.12805
1.36286
1.15661
0.99532
0.41556
0.93002
1.27898
1.13599
1.01650
1.29623
1.38666
1.24704
0.73045
0.76696
1.51503
1.19764
0.63309
1.38565
1.31482
1.30950
0.72560
1.18065
1.09201
1.41683
0.85894
0.82155
1.10521
0.11554
1.24124
0.93639
1.23191
1.19488
1.26832
1.04571
1.10297
0.91585
1.12326
0.74859
0.80842
1.07576
1.16347
0.70282
1.00228
0.63616
1.11765
0.85307
0.72217
1.25140
1.44371
0.85422
1.15078
0.73038
1.15768
0.83797
1.33779
0.63111
1.38031
1.04846
1.30166
0.88959
1.00057
0.96256
1.08731
0.85328
0.73801
1.16321
0.51610
0.60857
1.50646
0.67061
1.38041
0.47163
0.83714
1.32176
1.09524
0.79008
1.10713
1.05637
0.60163
0.60805
1.33118
0.97178
1.07629
1.13319
0.82967
0.91271
0.89719
0.83626
1.16964
1.36387
0.86945
0.79049
0.87026
0.80749
1.16718
1.28568
1.46506
1.33093
0.88688
1.18942
0.75710
1.00963
1.06840
1.14751
1.07797
