0.40595
0.74044
1.04282
0.19433
0.56853
0.57572
0.99750
1.03509
0.89169
1.42781
0.55349
0.40690
0.65788
1.53172
0.70822
1.86220
1.10099
0.40018
0.15645
0.78380
1.26878
1.59877
0.53009
0.62688
0.79003
0.52237
0.75545
1.16389
1.03482
0.70984
0.49626
0.47546
0.65514
1.07305
0.42721
1.20571
0.90616
0.60900
0.71590
0.99129
0.60238
0.74869
1.20199
1.26383
0.40710
0.88813
0.55371
1.14974
0.63436
0.51016
0.41720
0.54338
1.96987
0.83198
0.74521
1.13662
0.51819
0.53254
0.60249
0.86461
0.53149
0.37321
0.70956
0.24980
0.66837
0.96453
0.59943
0.57926
0.73558
1.37720
0.65438
0.49767
1.25072
0.31226
0.83046
0.92085
0.20752
0.83659
0.77176
0.49390
0.77751
0.63089
0.34215
1.39040
1.04049
0.58696
0.60971
0.48507
0.56760
0.41149
0.48949
0.88847
0.78569
1.14725
1.31864
1.30820
0.73514
0.77452
1.54464
1.70735
0.76043
0.92470
0.91400
0.80701
1.15756
1.07301
0.79144
1.26460
0.96169
0.49038
0.71646
0.73809
1.64586
0.82617
0.67786
0.85372
0.88632
0.86222
0.68231
0.74828
1.15999
0.66001
1.23818
0.68756
0.88556
0.50614
0.21997
1.72093
0.42910
1.49781
0.88421
0.79541
0.34590
1.03136
1.35260
0.45429
1.08413
0.86338
1.46768
0.82717
0.75156
1.39541
0.58901
0.26098
1.17200
0.70854
1.41444
0.43357
0.91213
0.97409
0.77493
1.83058
1.06288
0.86437
0.60150
0.43840
0.97911
1.00580
0.75930
0.99723
0.79421
1.00760
1.55594
0.85917
0.54159
1.46762
0.87765
1.41660
0.73879
0.76386
0.55928
0.84680
2.05305
0.47977
0.77883
1.20317
0.42231
1.26702
1.00040
0.91324
1.23123
0.68843
0.57547
0.75257
0.79265
0.96234
1.20413
0.95354
1.09633
1.79238
1.09895
0.65696
0.96793
1.37420
0.94304
0.66370
0.23737
1.02605
1.50833
1.60155
0.52243
0.35267
1.14305
0.95009
0.76919
0.23296
1.21546
0.88426
0.88224
0.38686
0.81927
0.54723
1.13181
0.49338
0.93038
1.26004
0.87612
0.26577
1.25845
0.50326
0.33085
1.23344
1.44475
1.44394
0.54257
0.28862
0.98410
1.06708
1.03618
0.68417
0.80428
1.00236
0.58967
0.71340
0.87543
1.46999
1.01730
1.05490
0.70043
0.86506
0.60846
0.30846
1.11803
1.02948
0.62074
0.30595
1.74348
1.08180
0.40457
0.32576
0.88771
0.62180
0.89266
1.08140
0.59444
0.39505
0.36767
0.49140
2.22635
0.65121
0.37492
0.69852
0.94677
0.92274
0.65451
1.06132
1.18364
0.48872
0.70996
0.52096
0.84487
1.68440
0.98286
0.47952
0.26447
0.59356
0.50406
0.53996
1.60854
0.62098
1.18217
0.63977
0.97351
1.15376
1.06773
1.08469
0.90473
0.65397
1.11741
0.22245
0.11824
0.57760
0.50432
0.90792
1.38589
1.23396
0.94284
1.38323
0.96591
1.42705
1.00322
0.93122
1.46704
1.06113
0.54338
1.07803
0.47757
0.77357
0.30673
1.13115
0.57414
1.39073
0.79001
0.39405
0.70430
0.94184
0.77764
0.54223
0.55355
0.62359
1.35227
0.66234
1.19967
0.64309
0.60897
1.74783
1.16999
1.10105
0.63454
0.62412
0.65213
0.41938
0.85626
1.31407
0.87141
1.10625
1.23273
0.99400
0.66869
0.63312
0.79595
0.55686
1.09760
1.07313
1.15845
0.61706
0.46521
0.85056
0.86841
0.41458
0.98128
1.23122
0.45971
1.29895
1.42697
1.18283
1.30181
0.88577
1.55817
1.08556
0.80333
1.17186
0.69512
0.43564
1.44658
0.93075
1.06566
1.82161
0.61528
0.32525
1.42540
1.24911
0.35864
0.58452
0.43778
0.96382
0.80921
1.26999
0.82145
0.28952
0.88488
0.49880
0.66814
1.76533
0.61400
0.92506
0.63429
0.47784
0.31927
1.04877
0.39696
1.77172
0.66760
1.42314
0.73258
0.62908
1.17158
1.03674
1.13772
1.39405
1.28423
0.71459
1.12231
0.76929
0.47518
0.47083
1.66777
0.73978
1.11834
0.81052
1.35715
1.08947
0.91988
0.65277
1.21966
1.49815
0.33212
0.37342
1.35990
1.54257
1.15374
0.82214
0.74913
0.71075
0.40953
0.65119
0.31531
1.46057
0.52065
0.83773
0.70068
0.74513
0.61453
0.86880
0.42344
0.99159
0.51628
1.26917
0.80056
0.51862
1.09833
2.42590
1.40297
1.15712
0.96547
0.12851
1.12401
1.03941
0.95676
0.67365
0.89678
0.23776
0.64128
0.54216
1.20826
0.97937
0.69081
0.82851
1.28996
0.17816
0.98277
0.60279
0.95013
0.99950
1.10792
1.36664
1.04671
1.18196
0.69666
0.26297
0.68967
0.54839
0.54911
1.30803
0.68630
0.99164
1.51796
0.70431
1.00195
0.77158
1.03524
1.05430
1.20123
1.63285
0.82358
0.80876
1.03260
0.58586
0.56701
1.27193
0.46921
0.68762
1.18681
0.64676
1.06245
0.84510
1.21461
0.71399
0.98993
0.86561
1.31040
1.08040
0.99797
0.40643
0.79782
0.62995
0.50277
1.83296
0.79224
0.60621
0.77712
1.57699
0.52892
1.06217
1.37497
0.43361
1.38116
1.30619
0.48240
0.91458
0.61879
1.46453
0.65593
0.94915
1.42284
0.51574
0.46784
0.40197
1.06556
1.00335
0.15926
0.96152
0.86670
0.47275
1.28782
0.68827
0.68697
0.71736
0.60513
0.35249
0.69879
1.14788
0.37620
0.69622
0.87797
0.67322
0.81320
0.65671
1.14124
1.04086
1.23453
0.77804
1.02465
0.93694
0.73841
1.57744
0.29514
1.31737
0.71296
0.86282
0.71510
1.21419
0.52695
0.92175
0.31274
0.68123
0.96877
0.78821
0.76989
1.23541
1.42796
1.11616
2.11208
0.77679
0.79770
0.65560
0.61023
0.83678
0.97660
1.16753
0.56944
0.34753
1.60206
0.80524
0.78970
1.23513
0.82549
1.06078
0.90872
0.92598
0.69560
0.61970
1.31764
0.72632
0.38388
0.71425
0.87624
0.80661
0.81045
0.53261
1.05294
0.74229
0.95251
0.95896
1.43366
1.25359
0.65263
0.57344
0.93180
0.87692
1.16753
1.46842
0.39016
1.15718
0.12260
0.17995
1.58628
0.26192
0.41201
0.49547
0.32562
0.59732
0.85870
0.68185
1.10099
1.07953
0.79030
1.27356
0.37192
1.84630
1.01848
1.45048
0.70867
0.35401
0.63782
0.93794
2.07461
0.85212
1.06254
1.15755
0.57729
1.24513
0.65533
0.68380
0.90939
0.60994
1.34984
0.90965
0.97406
1.01318
0.86438
0.47216
0.88727
1.45042
0.75187
1.31777
0.27089
0.64341
1.02221
0.53465
1.32357
1.11982
0.38759
1.02533
0.85837
1.41227
0.88474
0.47661
0.69524
1.24431
1.00350
0.34764
0.72847
0.88892
0.80042
0.34734
0.61811
0.98160
0.26646
0.45984
0.64237
1.12414
0.36866
0.85460
0.72507
0.81471
0.61440
0.70027
1.27825
0.66144
0.53568
0.80182
0.52303
1.22874
1.81743
0.78320
0.48664
0.87513
0.27621
0.74983
0.46153
0.46345
0.93263
0.11653
1.05268
0.48010
0.87297
1.79733
0.82274
0.81231
1.36381
1.36092
0.51508
0.28047
1.13568
1.42498
0.29820
0.73655
0.32037
1.46504
0.82631
1.01014
1.32772
0.75200
0.46444
1.61228
1.27943
0.96375
1.18677
0.29975
0.81246
0.87608
1.18551
1.21827
1.36098
1.34815
0.61435
1.18225
0.37117
0.98985
1.47305
0.66241
1.08824
1.42195
0.30397
0.45218
0.53726
0.42963
0.10504
0.66806
0.76237
0.83050
1.07530
0.55002
0.58481
1.15750
1.23912
0.60450
0.77088
0.67898
0.73925
0.38326
0.84570
0.38302
0.51074
0.99183
1.14224
0.97056
0.88783
0.68805
0.46195
1.25359
0.54484
0.86181
0.83564
0.98584
1.41200
0.62776
0.30820
0.83411
0.42970
1.02183
0.54388
0.97902
0.99919
0.31850
1.63408
0.94237
0.52294
0.80158
0.28813
0.56120
1.11738
1.41817
1.32677
0.95066
0.58948
0.42356
0.66932
0.70989
0.97782
0.87544
0.50642
0.44925
1.19245
0.74007
0.25473
1.17938
0.76018
0.17263
0.33490
1.12716
0.08455
1.10681
0.80178
0.60535
0.61545
1.16126
0.38085
0.63153
0.85213
0.52627
0.61825
0.80057
0.41833
0.38897
1.38986
0.25657
1.40215
1.30529
0.66337
1.05362
1.24332
0.13338
0.68635
0.68336
0.79357
0.38667
0.49635
1.05961
0.40614
1.02334
0.80590
0.50557
0.18144
0.65477
0.86089
1.06575
1.14706
1.02745
1.18065
0.11312
0.38320
1.42975
0.25564
0.79658
1.16050
1.50896
0.69331
0.41422
2.13227
2.46994
0.30111
0.62052
0.59506
0.31594
1.39123
1.09677
0.73606
1.02530
1.17885
0.73687
0.67582
1.31580
1.08298
0.46961
0.56896
0.55991
0.94624
0.79840
1.06719
1.09053
1.51160
0.66580
0.74441
0.96648
1.07376
1.79189
0.63939
0.50156
1.28643
0.57544
0.35187
1.09007
1.09427
1.02268
1.78183
0.75246
0.73734
1.37133
1.05580
0.41094
1.42733
0.59963
1.23771
0.46425
0.37754
0.62662
0.61762
0.72946
1.14046
0.32165
1.34697
1.17408
1.53219
0.86143
0.68888
0.61903
0.47979
0.92065
0.70411
1.13705
0.67638
1.10900
0.39325
1.06443
0.26740
0.40531
0.53843
1.36742
1.39004
0.61313
0.74010
0.68710
1.09028
0.81134
1.41255
1.47116
0.94393
0.75371
0.78131
0.69641
0.74618
0.53295
1.04562
1.05894
1.43250
0.70082
1.20802
0.72931
1.48403
0.72239
0.31706
1.38068
0.70751
0.75028
1.09427
0.54612
0.76977
2.25383
0.60864
0.67993
0.41794
1.62389
0.33054
0.88147
1.69255
0.56667
0.85218
0.61157
1.53080
0.50378
1.11350
1.56397
0.66715
1.04557
1.16681
1.26055
1.18225
0.91149
0.25602
0.76774
1.09931
0.46146
1.03621
1.02799
1.45326
0.58643
0.93771
0.91468
0.36588
0.85837
0.83699
1.57134
1.01338
0.92987
0.38889
0.70114
1.92718
0.20289
0.26724
0.91434
0.15707
0.73274
0.87182
0.99794
0.94909
0.71417
0.13071
0.56119
0.56973
1.40380
0.40881
0.38611
0.60822
0.83333
0.93510
0.93591
0.83289
0.32533
0.90373
1.21680
0.90712
0.66858
1.70564
1.16528
1.22830
0.87249
0.73906
1.33540
1.22088
0.64252
0.91581
1.17190
0.81677
0.22870
0.71349
1.78910
1.18704
0.70439
1.61920
0.87870
0.66650
1.00287
1.60614
0.52085
0.84925
0.18660
1.25327
1.43282
1.01603
1.10094
0.65720
0.86951
0.85928
1.08756
0.27077
0.81463
0.64754
0.52437
1.00335
0.48341
1.14647
2.11800
1.36577
0.97258
1.39387
0.60754
1.00838
0.49770
0.56163
1.10120
0.96235
1.18281
0.50085
1.18490
0.97016
0.76388
0.72597
1.51569
0.89507
1.27725
0.15158
0.25626
1.36992
1.10024
0.34707
1.48572
0.32625
0.58860
1.01603
1.02148
0.88231
0.72417
0.50263
0.58142
0.60066
0.77379
0.41674
0.46876
0.80212
0.57441
1.05030
0.90919
0.58712
0.63543
0.69709
1.76481
0.87257
0.79798
0.60443
1.19994
1.08828
0.88929
1.34331
0.56456
0.68961
1.20034
1.27368
0.76957
1.45118
0.77191
1.30459
0.83768
0.47289
0.54875
1.02028
1.84213
1.10173
0.31449
0.50857
0.86793
1.18962
0.73551
0.64242
0.64380
1.57582
1.00072
1.40093
0.54452
0.74930
0.48156
0.73280
1.89562
0.50544
1.06768
0.57631
1.15439
1.46495
0.74690
0.48136
1.61361
1.13444
0.11306
1.08923
0.97228
0.23345
0.59246
1.09040
0.71293
0.84313
2.01586
1.28881
0.91872
1.02432
0.97146
0.34621
0.55212
0.48024
0.58336
0.79403
0.54931
1.41583
0.68896
0.75768
1.45303
1.19083
1.12454
1.43740
0.48627
1.70074
0.35143
0.97287
1.83835
1.39241
0.50302
0.97394
1.23435
0.59849
0.77212
0.58593
1.17541
0.19537
1.26382
0.31777
1.29402
0.77081
0.41505
1.01236
1.04179
0.23820
1.99480
0.10600
0.61218
0.90254
0.15305
0.85719
0.68855
0.81865
0.79818
0.72893
1.25084
0.99766
1.16546
1.10286
1.07452
1.42339
0.29990
0.28186
1.52930
0.84898
0.43614
1.15265
0.80125
0.65266
1.74490
0.85235
1.53491
0.60433
0.97550
0.65535
0.46583
0.76092
0.66361
0.72571
1.36799
1.88022
0.74879
0.77298
1.14210
0.69927
0.27744
1.03643
0.88887
1.24741
0.87473
0.83388
1.47735
0.63565
1.33462
0.46742
0.37046
1.11961
0.20590
0.55540
0.44785
0.31374
1.49886
0.24126
0.41324
1.78663
0.82759
0.91854
0.26760
0.51450
1.29267
0.71560
1.24874
0.91753
0.62731
0.43565
1.09341
0.61171
0.40830
1.14271
0.59405
0.76565
0.97277
1.41734
0.57005
0.67192
0.91674
0.41987
0.71049
0.35962
0.62023
1.47368
1.12138
0.68629
0.45585
0.72813
1.03989
1.09517
1.64511
1.09473
0.80602
0.89913
0.53205
0.66519
0.60075
0.89389
1.29008
1.61408
1.18794
0.17984
0.56903
0.59661
0.87969
0.70971
1.42359
1.35106
1.20816
0.63820
0.56552
0.52607
0.47061
1.12565
0.74950
1.14814
0.99573
1.66912
0.65351
0.27907
0.59176
1.37870
1.29412
0.30329
0.74257
0.54924
0.70931
0.31497
0.63892
0.55200
1.05639
0.93607
0.96416
1.47918
1.20119
0.34710
1.03858
0.41761
0.18169
0.29558
1.76510
1.20210
1.60712
0.95678
0.81203
0.93786
0.80399
1.03561
1.17659
0.49473
0.71944
0.62581
0.42174
0.94909
0.76947
0.96293
0.87940
0.67659
0.94914
1.42033
1.38663
1.17315
0.65077
1.61409
0.56507
1.14233
0.86169
0.75083
0.54697
0.64521
0.24454
0.90265
1.21190
0.59370
1.42880
1.67907
1.15767
0.02856
0.96012
1.37763
0.61995
0.53896
0.54784
0.99893
0.91273
0.63899
0.63927
0.90501
0.22967
1.36596
0.83446
0.75264
0.39651
0.65744
0.75417
1.45197
0.67060
1.36847
0.94992
0.96468
0.84657
0.87976
1.68024
1.20377
0.41788
0.18340
0.73003
0.52506
1.25796
0.66204
0.88574
0.23661
0.47991
0.45348
0.75885
1.38655
0.30010
1.88620
0.88275
0.78664
0.71958
0.62651
0.61852
0.69889
0.25685
1.65849
0.68294
2.04766
0.82402
0.40801
1.02533
0.35623
1.07674
0.75048
0.76829
1.02861
0.89398
0.69245
0.84246
1.13968
1.07339
0.64686
0.67518
0.18286
1.05238
1.08199
1.16453
0.39214
0.98770
0.72249
1.79056
1.22701
0.89651
0.64122
0.61461
0.79692
0.69368
1.17380
1.38318
1.44962
1.48223
1.53029
1.23290
0.38794
0.48330
1.08018
0.92396
1.37897
0.59111
0.85657
0.55980
0.62186
0.86428
1.03679
0.83539
0.88643
1.04871
0.53950
0.81942
0.30823
1.16129
1.00368
0.94302
1.13314
0.59352
0.56565
0.83307
1.54716
1.53518
0.72994
0.43916
0.31043
1.23822
0.68802
0.25213
0.61655
1.41343
0.78217
1.58048
0.90270
0.45383
1.04543
0.62372
0.41869
0.51586
0.62852
0.30332
0.24408
0.19015
0.81628
1.09447
0.29811
0.61834
0.69137
0.20276
0.18277
0.66896
0.43408
1.25612
0.90472
1.14955
1.28596
0.69964
1.05112
1.84837
1.09692
1.28025
0.77453
0.79055
0.97348
0.83989
0.90900
0.76221
0.35564
0.77367
0.89716
0.41094
1.27192
1.20649
0.13333
0.49141
1.30770
1.29142
0.85371
0.95844
1.39134
0.86383
0.63982
0.82018
0.41987
0.71850
1.16762
0.36288
0.63221
0.92244
1.19765
0.79676
0.34613
1.68395
0.48068
0.39167
0.59719
1.06415
0.75503
0.86615
0.94199
0.42871
0.39964
1.23127
0.72746
0.44363
0.79833
0.22663
0.77052
1.55885
1.02208
1.02149
0.57470
0.70737
0.81180
1.22702
0.51055
0.97616
0.66428
1.20510
1.00297
0.67226
0.84808
0.15324
1.81037
0.22329
1.44827
0.88386
0.84477
0.76978
1.18553
0.48025
1.21539
0.84846
1.21548
1.59519
0.37464
1.69126
0.50597
1.21671
0.82539
1.21066
0.76708
0.70319
1.16239
1.02140
0.90914
1.30082
1.60795
0.69524
1.03920
0.60796
0.61276
1.20073
0.77139
1.08270
0.81238
0.63813
0.50855
1.32798
0.36963
0.73161
0.92401
1.06248
1.56864
0.59098
0.35806
1.23564
0.90430
1.28293
0.96101
1.48061
1.06754
0.45473
1.69153
0.50386
1.36656
0.58229
1.06075
0.58127
0.80980
1.39081
0.54032
0.70431
0.61920
1.24509
1.35722
0.79755
0.78945
0.96361
0.92796
0.70228
1.16619
0.77326
0.59495
0.22109
0.91393
0.84478
0.35408
0.65317
0.93674
0.79510
0.44986
0.38586
0.72253
0.72572
0.63592
1.86300
0.75156
1.02174
1.08160
1.00554
1.27107
1.71253
0.71106
1.22405
0.74735
0.65860
1.22657
0.90720
0.62755
1.16334
0.52809
0.86742
1.13674
0.84302
0.62827
0.35744
1.50258
0.72726
0.64545
0.59431
1.57880
0.46053
1.01617
0.62108
0.59551
0.70157
0.28035
0.62668
0.85751
1.21166
0.80685
0.55492
0.91371
1.31821
0.56794
0.68532
0.92611
0.19220
1.29584
0.49741
0.11379
0.53959
0.66293
1.47087
0.99613
0.93762
0.46434
0.91889
1.19808
0.81528
1.04391
0.54683
0.98246
0.80335
0.72589
1.35821
0.84985
1.18898
1.24321
1.51529
0.65622
1.20830
0.70692
0.18096
0.68598
0.71941
1.17727
0.90590
1.69040
1.06844
0.69395
0.97116
1.66819
0.90534
0.84741
0.60272
0.82314
0.85297
0.84851
0.50554
0.77639
0.87379
0.35033
0.71132
0.93893
0.64976
1.14686
0.82065
0.87324
0.28507
1.10355
0.70744
0.72396
0.96493
1.33149
0.31116
1.51877
0.52245
0.63224
1.00248
1.86732
0.45955
0.77521
1.15760
0.78359
0.54845
0.88661
0.61380
0.39519
1.37789
1.29601
1.45855
2.04537
0.39016
0.82685
0.94653
1.00990
1.26692
1.05588
0.45313
0.62251
1.07304
0.21438
1.02321
1.17916
0.77818
1.20263
0.73263
0.56057
1.90132
1.43835
0.59827
1.02051
1.91715
0.31146
1.55960
1.00774
0.90062
0.96599
0.62366
1.18951
0.74463
1.32892
0.47813
0.71938
0.40001
0.90457
0.48356
0.57589
0.74279
0.43891
1.29827
1.32101
1.21126
1.20213
0.83408
0.40825
0.56145
1.20926
1.42146
0.88277
0.57729
0.74145
0.40321
0.68324
0.45734
0.46736
1.02760
0.89009
0.34706
0.53197
0.87410
0.42162
1.52979
0.48388
1.57082
0.96615
1.58087
0.91688
1.60026
0.86498
0.89395
1.31866
0.66414
0.87363
0.82292
0.18549
0.82425
0.32025
1.17585
0.66874
1.02679
1.28681
0.66018
0.36906
1.82925
1.74729
0.92308
1.48175
1.02291
0.74768
0.57164
1.54062
1.20023
1.03125
0.26698
0.43490
1.42654
1.66343
1.06656
0.71108
1.03219
1.16092
0.30242
0.49051
0.60147
0.97934
0.74502
0.45983
0.70676
0.74756
1.21646
1.37146
0.99217
1.01383
0.49765
0.20739
1.15448
0.89285
0.81140
0.97185
0.31684
1.24514
1.56875
0.66842
0.72474
1.28526
0.86566
1.33529
0.61126
0.78278
1.31959
1.16745
0.76842
1.53398
1.73897
1.10346
0.67918
0.84269
0.28225
0.68584
0.57597
1.42661
0.73031
0.80047
0.58661
0.80578
0.85295
0.80389
1.01070
0.99170
1.51644
0.96962
1.34537
0.33402
0.46556
1.07457
0.52883
1.20460
0.95738
0.57790
0.82124
0.49444
0.27924
1.11705
0.42156
0.46387
0.76674
1.01131
0.77378
0.60002
1.25004
1.30593
0.39670
0.68933
0.29620
1.53449
2.29654
1.33940
0.55335
0.48065
0.83934
0.24919
0.81140
1.45470
0.76576
0.77191
1.53062
0.43787
0.65274
0.90239
0.82964
0.76196
1.16143
0.60608
1.12181
0.84355
1.06478
0.39332
0.99826
0.68203
0.46339
0.86330
0.61340
0.51126
0.98569
0.43231
0.24515
0.75206
0.37721
0.69371
0.92032
1.10493
0.88223
1.59233
0.55831
0.68668
0.77001
1.26025
0.82127
1.15606
0.76781
0.54890
1.12913
1.32471
1.37022
0.63990
2.00663
1.17696
1.47104
1.24253
0.73963
0.77481
1.45659
0.68725
1.72064
1.90796
1.03475
0.75977
0.43597
0.45241
0.79095
1.15283
1.21349
1.36919
0.71777
0.57916
1.29722
0.62868
0.69007
0.97296
0.99277
1.21551
0.99073
0.90393
0.22539
1.12930
1.69803
0.75365
0.42496
0.81942
0.81034
0.28302
1.34174
0.84607
0.32335
0.90428
0.75615
1.73211
0.34302
1.16798
0.72472
1.87270
0.78493
1.01445
0.56018
0.50122
0.97577
1.18798
1.68509
0.49664
0.46401
1.51177
1.01720
0.99885
1.04213
0.58401
0.73157
1.30171
1.11647
0.50060
1.08827
0.95974
0.73732
0.96509
0.82863
0.59027
1.44233
1.28255
0.69425
0.99428
0.17299
0.99700
0.89495
1.02168
1.17161
0.50505
0.93228
0.61602
0.66060
1.07499
0.37644
0.97945
0.90055
1.17714
2.01049
0.47240
0.72065
0.61351
0.79275
1.33141
0.83041
0.58789
0.83224
1.29710
0.70311
1.26368
1.26514
1.80352
1.00002
0.75780
0.58758
0.69549
1.07152
1.18213
1.22631
0.76594
0.62641
0.99343
1.16890
0.95441
0.81137
2.03667
1.13066
0.84556
0.12051
1.02509
0.80894
0.41231
0.84353
0.76237
0.86050
0.64328
0.54713
0.82055
0.83414
1.36227
0.60352
0.41972
1.02530
0.86481
0.29624
0.39344
0.36381
0.93479
0.84315
0.96320
0.91453
0.78013
1.50978
1.12349
0.90490
0.57902
1.35349
1.11305
0.68343
0.73227
0.78784
0.35391
1.35412
1.14834
0.89991
0.99873
0.90685
0.89092
1.13100
0.61225
1.00108
1.23555
0.74354
1.10596
0.74298
1.07119
1.06398
1.11574
1.35244
1.13959
1.18833
0.94054
1.46919
0.66503
0.55490
1.57681
1.37416
1.09045
1.45770
1.07805
1.04744
0.70515
1.22813
1.64682
1.28473
1.60603
0.76593
0.74528
1.48473
1.39596
0.81436
0.77512
1.17244
0.63830
0.37931
0.84582
1.38080
0.95511
1.21729
0.70782
1.05471
0.62942
1.33762
0.78288
1.09303
0.67856
0.40629
0.70925
0.95577
1.47922
0.50244
0.49804
0.64836
0.47583
1.19227
1.15947
0.76707
0.98234
0.88165
0.38570
1.42139
1.62340
0.66324
0.45615
0.35354
0.57040
0.68240
1.20692
0.75915
0.68526
0.66148
0.30861
0.45053
0.63334
0.80221
0.68190
0.68731
0.87621
1.12053
1.01633
0.43552
1.64780
0.51781
0.91339
1.20814
0.39341
1.15125
0.31542
0.97978
1.28532
1.01721
1.18984
0.26316
0.96655
0.71112
1.52195
0.54819
1.27663
0.38529
0.68447
0.88773
0.22190
1.03585
0.68960
1.50611
1.21158
1.21448
0.71283
0.58062
0.48353
0.93621
0.74530
0.98700
1.51242
0.64998
0.53589
0.60274
0.30981
0.74178
0.51623
0.50308
1.49895
0.94068
0.79820
0.82875
0.89205
0.66657
0.97830
0.96633
0.22190
1.50550
1.59616
0.45802
0.31401
0.44528
0.86913
1.26536
1.04827
0.70364
0.97196
1.62342
1.50457
0.68826
0.54454
0.91005
0.49906
0.99719
1.16886
0.73853
0.75410
0.81038
0.58795
2.29387
1.05556
1.16340
0.85762
1.26039
0.67620
0.36200
1.54675
0.68679
0.96731
1.69085
1.16620
0.42333
0.40310
0.72916
0.20091
0.89987
1.41617
0.81672
1.25395
1.04142
0.98390
2.26219
0.53025
0.43943
1.09877
0.86329
0.49372
0.44199
0.83050
1.41833
1.52915
0.91964
1.04966
0.79551
0.37732
0.32774
0.55369
1.02045
1.36277
0.70188
0.74958
1.03872
0.50469
0.78204
0.51125
0.74695
1.17007
0.58307
1.01543
0.77021
0.90665
0.72859
1.10559
0.95600
0.31738
0.46825
1.31268
0.69203
0.78787
1.18707
0.87965
1.08254
0.65707
1.00989
0.77690
0.93416
0.74973
0.95050
0.59677
1.36151
1.11592
0.39998
1.28894
0.68044
1.04235
0.71867
0.55098
0.25010
1.13797
0.38352
1.00588
0.30519
0.83318
0.55485
1.88265
0.59050
0.68299
1.65684
2.21641
0.29090
0.37763
0.83032
1.04942
0.62904
1.06675
0.76597
1.09996
0.64362
1.34845
1.51276
0.86913
1.37852
0.83155
1.16726
0.30056
0.35508
0.74685
1.19496
1.09138
0.81202
1.14960
0.62761
1.07017
0.21596
1.08392
0.56916
0.74678
0.90536
0.71877
0.14723
1.02643
0.37768
1.60761
0.37659
0.96478
0.69043
0.31340
0.57429
0.57996
1.24396
0.35850
1.03717
0.84586
0.95578
0.31284
1.30841
0.89179
0.14969
0.75126
0.71675
0.59639
0.66774
0.92891
0.48126
0.84267
1.63969
1.09875
0.51582
1.37482
1.16947
0.70566
1.03531
1.01365
0.62559
1.25274
0.60414
0.82831
1.01136
0.47444
0.26890
1.24678
1.71640
1.60553
1.10688
1.20779
1.33965
1.28236
1.06691
0.87739
0.78703
0.44340
0.61309
0.59155
0.78275
0.96671
0.71871
1.18866
0.30533
0.60894
0.99589
0.49521
0.15496
1.00382
1.59268
1.27962
0.37169
0.63496
1.00415
0.47564
1.54529
0.53680
0.67875
0.95277
0.60421
0.89495
0.97076
0.98947
0.68092
0.40425
0.88077
1.17578
0.40022
0.93167
0.48576
1.27475
0.54183
1.34020
0.88516
0.99508
0.39269
0.56000
0.87704
0.69418
0.61351
0.97415
0.80798
1.11735
1.04196
1.09671
1.51676
0.60255
0.99703
1.12392
0.94512
0.82071
1.30137
0.96000
1.24235
0.78776
0.84292
0.56399
0.58087
1.25533
1.08754
0.25974
0.79256
0.91435
0.70845
0.85586
1.04353
0.90523
1.31174
0.65413
0.24672
0.74625
1.30888
0.83469
0.72990
0.87768
1.63262
0.73958
1.18463
0.74838
0.92320
1.53815
0.69942
0.34241
1.68975
0.60693
1.10921
0.67944
1.67585
0.73966
0.79782
0.68444
1.09801
1.00001
1.07836
0.79499
0.96830
0.52336
0.54155
0.80486
1.11709
0.68017
1.17079
0.99080
1.04150
1.59338
0.85574
1.49634
0.70770
0.59584
1.06743
1.63981
0.78658
1.21542
0.57472
1.12364
0.27143
1.48108
0.59054
1.42285
1.06550
0.75922
0.30229
0.55756
1.25226
1.36371
0.65068
1.18021
0.97458
1.06391
1.09330
0.90833
1.16277
1.54962
0.70971
0.64621
0.59319
1.00423
1.08578
1.03326
1.14013
1.37610
0.52003
0.64915
0.71028
1.67481
0.24631
0.43257
0.59778
1.27751
1.12994
1.36358
0.88790
1.79545
1.09423
1.13539
0.28960
0.86949
0.82418
0.08891
0.81835
0.77484
1.33420
0.95187
0.95748
0.79451
0.21857
0.64834
1.44482
1.45174
1.35301
0.68072
0.69280
1.08076
1.20263
0.93406
0.64348
1.04484
0.74351
0.80483
0.99390
0.87736
0.31187
1.71088
1.31836
1.35519
0.67702
0.67900
1.25099
0.78885
1.14769
0.74335
1.08041
1.03262
0.51412
0.51262
0.81528
0.86375
0.79284
0.06529
1.87250
1.14913
0.82416
1.32895
0.72704
0.50524
1.09217
1.13280
0.74519
0.52417
1.21595
0.42877
0.85823
0.44079
1.16590
0.12454
0.41070
0.80993
1.13844
0.67333
0.42383
1.46284
1.33843
1.00047
0.85568
0.95653
0.24311
0.26766
1.48772
1.10174
1.16941
1.09978
0.78183
0.77304
0.47935
0.82961
0.26510
0.87421
2.11396
0.96206
0.81062
0.54319
1.72103
0.90667
2.02762
0.98864
1.47959
0.96470
0.58954
1.29995
1.64058
1.39195
1.62998
0.93153
0.65263
0.67090
0.47213
1.04844
1.01890
0.67066
0.91666
1.11219
1.03407
1.00532
0.63228
0.61112
0.33749
0.57320
0.81329
0.86200
0.82218
0.98860
1.09628
0.66629
1.09495
1.17437
0.89485
0.51529
1.18299
0.89865
0.45787
0.38851
0.71093
1.33254
0.80746
0.98040
0.83739
1.35679
0.82836
0.69360
0.92975
0.67785
1.01279
1.13139
0.38514
1.05368
1.17347
1.39201
0.80876
0.91660
0.63496
0.55456
0.64935
0.62046
0.51383
0.75995
1.41608
0.77373
0.68288
0.50825
0.54930
0.97135
1.05418
0.43122
0.85883
0.99188
0.96618
0.42499
0.80246
1.22055
0.33551
1.53392
1.01576
0.40882
0.94579
0.41415
1.21953
0.73309
0.71474
1.92185
0.79247
0.50909
0.61883
1.28086
1.34447
1.09495
0.94925
0.59322
0.42828
1.14977
1.29479
0.59886
0.55709
1.22451
1.41727
0.69179
1.19350
1.60034
0.44054
1.10787
1.35497
0.55903
0.96034
0.52384
1.26116
1.44393
1.37977
1.03136
1.16105
0.68898
0.29787
1.14164
1.48197
1.06671
0.63083
1.06219
1.56090
0.24001
1.56988
1.34516
1.53777
0.82187
0.43552
0.74999
1.60553
0.51801
0.47134
0.64575
0.40761
1.13718
0.74140
0.84563
1.61806
1.43111
1.00481
1.21195
0.88206
0.79402
0.86010
0.70314
0.56266
1.26366
1.16548
1.81147
1.63355
0.60564
1.65314
1.19165
0.92628
0.84405
1.06758
1.37431
0.36406
0.85388
1.24586
0.66817
0.80322
0.30754
1.10986
0.97909
0.87430
0.63379
1.69627
1.07757
0.54557
0.19090
2.00627
0.55534
1.18672
0.41507
1.51017
0.86125
0.83106
0.76513
0.55063
0.78111
0.70114
1.17669
0.88484
0.93332
0.76226
0.54830
0.85713
0.59407
0.69812
1.45411
1.51367
0.62236
0.95467
1.15760
0.78428
1.51889
1.30285
0.98317
0.55353
0.70160
0.86447
0.87921
1.40167
0.14092
1.08432
0.53664
1.79297
0.48893
1.13363
0.32110
0.45103
1.06374
1.29758
0.32351
0.68667
1.04680
1.45584
1.05098
0.54371
0.50170
0.52021
0.84048
1.63052
0.34057
1.17495
1.06145
1.02802
0.88488
0.80307
0.80708
0.84192
1.42274
0.84639
0.78498
0.54787
0.45503
0.70177
0.94058
0.74818
0.74845
1.11848
1.41260
0.46568
0.89590
1.37412
1.02012
0.67027
0.64918
0.15326
1.28262
0.81768
1.19063
1.55076
0.36420
1.42083
1.24513
1.58479
1.50535
0.92528
1.00650
0.89189
0.70280
1.49501
1.16384
0.61518
1.25141
0.63402
1.46002
1.78700
1.15106
0.66392
0.70098
1.86793
0.92421
1.73469
1.45136
1.80266
1.21135
0.64720
1.29787
1.03394
0.60327
0.79620
1.34137
1.80934
1.73615
0.52677
0.60332
0.89998
0.82999
2.04033
0.57764
0.86067
0.19056
0.58602
0.44781
1.11860
0.49475
0.75988
1.38320
0.68949
0.59691
0.55164
1.12637
0.89248
0.61196
0.74326
0.60488
1.21713
0.81980
1.06512
1.53515
1.31310
1.19759
2.03262
0.77670
1.30978
0.50597
1.11327
0.88054
1.29785
1.34576
1.01441
0.71156
1.02299
0.30941
0.93432
1.10541
1.10320
0.92563
0.52832
0.40439
0.50419
1.45789
0.96057
1.56909
1.22479
1.20984
0.97371
1.17908
0.56102
0.76214
0.66840
0.35973
0.45871
1.41127
0.58850
0.50436
0.74766
0.92879
1.01973
0.33749
1.59003
1.11872
0.60954
1.09347
0.80529
0.75444
1.61279
2.01634
1.00691
1.66749
1.17869
1.55464
0.91956
0.70260
1.19452
0.70148
1.21968
0.89739
1.35559
0.62342
0.45259
0.72100
1.38349
0.85780
1.03459
0.83687
0.27170
0.16737
1.42138
0.63790
0.52455
0.72128
0.90217
0.71622
1.07094
0.21203
0.89790
0.75293
1.05523
1.02719
1.06310
1.04034
0.46240
0.62637
1.26183
1.16064
0.86075
1.15295
0.27939
0.96598
0.86857
0.52806
0.30924
0.41921
1.07696
0.65193
1.40987
1.04118
0.95550
0.38268
0.31717
0.96301
1.05263
0.37341
1.18653
1.57281
0.59282
1.48807
0.43009
0.40442
1.06057
1.16753
1.18763
1.27963
1.21481
1.14882
0.84969
0.61421
0.99876
1.29901
1.17474
0.89467
0.79009
0.45946
0.68785
0.66612
1.68402
0.36202
0.99992
1.12968
0.25226
1.56853
1.31433
0.66855
1.01440
1.16696
1.16754
1.43129
0.90390
0.53480
0.73266
0.47551
1.21813
1.45887
0.27806
0.93401
1.14601
0.80092
1.12093
0.96359
0.59775
0.38336
1.10302
2.23209
0.56724
0.94070
0.92793
0.91389
0.97734
1.12964
1.08365
1.76758
2.12052
1.46998
0.45046
0.95925
1.79054
0.28868
0.64683
0.71976
1.16352
1.53425
0.59352
0.24336
1.70220
0.81937
0.66887
0.34563
1.04073
2.05135
0.41519
1.08657
1.93467
0.58952
0.61060
0.34952
0.79465
0.66120
0.77977
0.98876
1.21409
0.46994
1.23817
1.33096
1.21431
0.49941
1.30763
1.29476
0.71643
1.41493
0.81673
0.88877
0.87614
1.00886
0.58024
0.47912
1.51453
0.54327
0.84933
0.57601
1.55444
0.52732
0.83798
1.13900
0.53255
0.99073
1.92166
0.94402
0.23185
1.10199
0.50092
1.23813
0.75062
0.57407
1.21255
0.82122
0.59306
0.73039
1.23471
1.36236
0.80206
0.61932
0.55462
0.92422
0.73631
1.41753
1.10656
1.67417
1.11262
1.16007
0.78504
1.04052
1.23027
0.73941
0.51243
1.55975
0.46804
1.25113
1.46199
0.51712
1.19857
0.55083
0.77446
0.91821
0.89684
0.70987
1.43620
0.84639
0.29578
0.96320
0.85222
1.43907
0.52335
0.79367
1.30947
1.02235
0.44627
0.87008
0.40604
0.93140
0.43572
1.48433
0.46820
0.94262
0.82868
1.03966
2.32697
1.41229
0.16467
1.51338
0.64123
1.51416
0.51673
0.95763
1.48542
1.72167
1.22392
0.31649
1.03474
0.90797
1.55145
1.51443
0.95836
0.71552
1.17052
0.66915
2.28482
0.78262
1.09579
1.00066
1.19579
1.32747
0.63572
0.21308
1.29277
1.12085
1.15597
0.81030
0.89723
1.66794
1.35442
1.19427
1.06415
1.89354
1.06242
0.72272
0.53986
1.06528
1.25004
0.88957
1.13874
0.71474
0.26592
1.39022
0.83778
0.66732
1.10967
1.19014
0.27424
0.70242
0.66053
1.20194
0.61936
1.17188
1.05086
1.30458
1.40595
1.06293
1.33759
1.04564
1.25394
1.01768
0.75770
1.19339
0.82198
0.58235
0.78517
0.53483
1.54045
0.77301
0.67396
1.04352
0.49275
1.95494
0.21914
1.33346
0.84765
1.33217
0.35030
0.57550
1.16983
1.25571
1.28949
1.42172
0.99225
0.81800
1.42997
1.12169
0.51242
0.47471
0.83691
0.72545
0.63837
0.60682
0.34841
0.19931
1.47078
0.42102
0.59383
0.49915
1.02760
0.91610
1.30766
0.21717
1.14841
0.50104
0.50684
1.97487
0.27840
0.52208
0.49400
0.26793
1.07982
1.04293
0.93341
1.21209
1.97747
0.08771
0.84788
1.09383
0.65849
0.91098
1.19970
1.29113
0.87016
0.61994
0.84724
1.11147
1.01166
0.56839
0.79630
0.85047
0.44154
1.26096
0.62370
2.49443
1.50970
1.01050
0.95318
0.71072
0.80171
1.09218
1.11286
0.71456
0.36339
1.12820
0.72947
0.53800
0.91960
0.55588
0.95453
1.26497
2.30606
1.19459
0.70926
1.47707
0.40374
1.11865
1.31999
0.65950
0.65278
0.61499
1.21599
0.60312
1.59745
1.16059
0.90373
0.65702
1.30347
1.20797
0.66949
1.33431
0.92729
0.77271
0.75233
0.40150
1.45219
0.47973
1.02919
1.40846
1.43296
0.88440
1.48156
1.72529
1.18051
0.86786
0.59448
0.82872
0.74616
1.15742
1.04817
0.46227
0.78483
1.83004
1.21934
0.62464
0.75561
0.91906
0.61639
0.81522
0.91785
0.74727
0.77620
0.83361
1.33343
0.95405
0.96927
0.90162
1.91740
0.90760
0.55603
0.74417
0.97662
1.40416
0.58059
1.08236
0.35710
1.10676
0.97546
1.28265
0.48062
1.86936
1.02455
0.58814
1.82700
0.44013
0.41203
0.65632
0.83856
0.37146
1.07129
0.64699
0.67639
1.55975
0.83341
0.99733
0.89020
1.11395
0.30034
1.86943
1.13158
0.51952
1.63798
1.06479
1.21129
1.05359
1.40944
1.10591
0.78941
1.14038
1.00216
0.84458
0.69445
1.79518
0.74450
1.20304
0.63380
1.01404
1.41218
0.61486
0.92117
0.64492
1.01460
0.71271
1.56215
0.82522
1.02000
0.47419
1.32138
0.54889
1.11983
1.80588
0.95922
0.91987
0.67762
0.89413
0.50138
1.10406
0.79561
0.28084
0.86180
1.17337
1.50324
0.86737
0.74647
0.97253
0.45112
1.04948
0.89570
0.92170
1.73173
1.52565
1.46418
1.20857
1.22245
0.78884
0.48437
0.86092
1.35314
0.78108
1.27758
0.30255
1.38554
1.19358
0.96373
0.89297
0.90852
1.03352
0.98608
1.20322
1.16673
1.22145
0.34148
0.98516
1.05067
1.35846
0.89792
0.78820
1.03372
0.87601
0.80804
0.62318
1.24758
0.48297
0.59212
1.11085
0.36650
0.89855
0.91593
0.55294
1.23266
0.99076
1.24902
0.69610
0.99206
0.99113
1.04377
0.81635
0.36535
1.33463
0.70762
0.85525
0.77974
0.64325
0.93220
0.98416
0.82586
0.18706
1.16129
0.84098
0.86192
0.45318
0.52329
0.75310
0.88821
1.25319
0.28126
0.52118
1.05100
0.98180
1.41490
0.33665
1.52782
1.38932
0.41368
1.55745
1.74020
1.38308
0.67782
1.17636
0.66923
0.85364
1.36687
0.89502
0.77946
0.68894
0.83458
1.06272
0.75800
0.34839
0.85326
1.37648
0.90875
1.36629
0.17060
1.13743
0.83533
0.84347
2.16336
1.08625
0.84208
0.39276
0.90347
0.75383
0.62602
2.17297
0.63628
1.18692
0.57207
0.64631
2.06367
1.31071
1.06315
1.06461
0.81724
0.74837
0.87005
1.78161
0.22495
1.07869
1.48904
1.32439
0.70972
0.29402
0.77241
0.80772
1.12644
1.52404
1.41052
0.86133
0.96177
1.31056
0.79904
0.47474
0.74775
2.11129
0.55619
1.31174
0.62202
0.38615
1.16593
1.19750
1.35911
1.58602
1.33579
1.08827
1.17928
1.36375
1.77708
0.94727
0.90402
0.66223
1.32096
0.71643
1.41521
1.03503
0.80956
0.64745
0.84215
0.83040
1.37647
0.86030
1.46284
0.40668
1.32281
0.50470
0.62710
1.47028
0.94721
0.32334
0.42517
1.64378
0.34145
1.09678
1.19214
0.68524
1.44338
0.85491
0.91637
1.93193
0.39578
1.19831
1.24376
1.13004
0.51637
0.92008
0.64198
0.86108
1.05997
0.36763
0.99389
1.32568
1.62266
0.52773
0.63323
0.54486
0.92028
1.31082
0.92275
0.76526
0.95604
1.00767
1.06240
0.67319
1.02984
1.07991
0.30170
1.17287
0.79671
0.66307
0.59079
1.63642
1.26832
1.02674
0.55260
1.38194
0.85986
0.78219
1.16782
0.83587
1.55482
1.15330
0.95952
0.90364
1.56668
0.54021
0.78998
0.35089
0.94057
0.88008
0.67600
0.90809
1.09848
0.98425
1.98057
0.81345
0.75085
1.39291
1.12042
1.94376
0.90591
0.71728
0.85566
0.74320
0.64027
0.68385
0.68792
0.82800
0.88702
0.65362
1.02859
0.92557
1.11491
1.34602
0.91724
0.77764
0.83014
0.58197
0.59732
1.38224
1.53334
0.55247
1.06242
0.53125
1.73695
0.83519
0.39340
0.72597
1.23790
1.59004
1.16729
0.83351
0.53925
0.84459
0.78920
0.89398
0.76655
1.39202
0.41646
0.26097
0.86740
0.87433
1.13829
0.52296
1.42036
1.30901
0.77776
1.04650
0.25507
0.70703
0.25306
0.23226
1.16937
1.00722
0.43806
1.12304
0.70017
1.38471
0.57117
0.95415
0.98619
0.53258
0.78530
1.01655
0.60669
0.88509
1.09843
0.65050
0.98146
0.79804
0.51922
0.92369
1.19708
1.03813
0.64119
1.17542
1.03428
1.28568
0.80900
1.09095
0.69011
0.51980
1.15601
0.74683
0.37292
0.45865
0.62861
1.06744
0.96703
1.11136
0.84110
0.39110
0.87476
0.98810
0.76091
0.75705
0.26259
0.95975
1.56379
1.37071
0.62249
0.62811
0.39409
0.80446
1.68530
0.93505
1.18715
0.69731
0.44233
0.54617
0.60747
0.72957
1.10646
0.82199
0.73572
1.51978
0.84174
0.91626
1.49206
0.44404
0.66860
1.05120
1.01684
1.00043
0.64452
0.63262
0.83002
1.43913
1.39453
1.01490
1.23851
1.33921
0.69883
0.71061
0.57268
0.42485
1.71231
1.54909
0.70445
0.52612
0.27602
1.13080
1.61597
1.14311
1.39089
0.94230
1.18029
0.68577
0.97978
1.38166
0.79438
1.47100
1.50636
0.30401
0.53353
0.96536
1.63348
1.32200
1.03803
0.65807
1.11124
0.52614
0.79399
0.37826
1.22343
0.83413
1.04011
0.72144
1.10728
1.10723
1.48632
0.70255
1.04321
1.15983
1.14436
1.41520
1.79052
1.01937
1.13325
0.27032
1.74721
0.56826
0.79699
0.92831
1.04082
0.85050
0.65171
1.75369
0.36788
1.29855
0.69408
2.08841
1.31669
0.70175
0.95193
0.85088
0.34125
0.54782
1.49566
1.64919
1.30632
0.73714
0.59459
1.19567
0.94748
0.89621
1.13075
0.43165
0.42036
1.70988
0.65987
1.11465
1.03672
1.53442
1.53124
1.52084
0.55079
0.59307
0.67366
0.85930
0.76328
0.51319
1.01332
0.59252
1.04832
1.56811
0.78837
1.10936
0.64392
0.78303
1.28175
1.23096
1.30956
1.06080
0.76698
1.35243
0.62494
0.59519
1.02329
0.72964
1.03801
1.42482
0.73483
1.42285
0.86406
0.65940
0.55262
1.55838
0.57763
0.74916
1.22180
0.96917
1.56368
0.48914
1.25328
0.74459
1.31135
1.99790
1.26440
1.50470
0.48107
0.43000
0.99393
0.86964
1.28547
1.90839
1.52749
1.11880
0.80814
0.82738
0.51203
0.42486
1.13248
0.64859
0.78213
1.09085
1.24821
0.70675
0.84128
0.57380
0.61395
0.86599
0.72930
0.46800
0.86232
1.04669
1.21350
0.70855
1.15072
1.31312
0.62958
1.69523
1.23741
1.04715
0.05561
1.11433
0.47181
1.11992
1.38896
0.92513
0.79564
1.02461
0.68963
1.67394
0.73740
1.30997
1.68589
1.27321
1.59255
1.15263
2.05723
1.11912
0.25587
1.03127
1.48883
0.49281
0.66871
1.24142
0.49051
1.03113
0.85692
0.95508
0.74025
1.51810
1.28004
1.04376
0.79703
1.03882
1.20258
0.43745
1.29582
0.98900
1.21849
0.82485
1.47608
1.34722
0.68912
0.78923
1.05393
0.88912
0.25228
0.88343
0.68479
0.78619
0.55464
0.66984
1.16230
1.07904
0.55340
0.61429
0.99553
1.18102
1.20598
0.66008
0.71427
1.18260
0.85139
1.03320
0.43206
1.67219
0.65211
0.74989
0.80807
1.82323
0.73350
0.63492
1.21897
1.12165
1.47078
0.64623
1.36420
0.60772
0.69050
0.84160
1.10814
0.39924
1.27613
0.88139
1.70064
0.61604
1.29283
0.75593
1.31143
1.57126
0.61594
1.58895
0.95955
1.47591
0.30564
1.29719
0.69859
1.03963
0.50456
1.05320
0.96497
0.89632
1.22092
1.34201
1.45913
1.33644
0.78079
1.56285
0.93767
0.99452
1.27443
0.73586
1.38267
1.67942
0.71683
2.29325
0.79344
0.30429
0.49017
1.60566
1.59875
1.06180
1.07649
1.08110
0.55406
0.39469
0.86952
1.29641
0.33997
1.01949
1.45094
1.50221
1.07973
0.96699
0.87431
1.70382
0.54427
1.11859
0.74328
0.76605
1.65195
1.56955
0.60133
0.51808
0.99594
0.71043
0.87367
0.52523
0.69439
1.09108
1.53790
1.51182
1.14739
1.03249
0.54219
0.79438
1.70895
1.02077
0.77979
1.04043
0.68292
0.76719
0.85994
1.11792
0.69080
0.61484
0.81955
0.64784
0.66107
0.54913
1.34090
0.50754
0.67796
1.22422
1.43389
0.53979
0.80087
0.85695
0.77757
1.19968
0.78945
1.82259
0.44749
1.29504
1.00704
1.39288
0.87191
0.06446
0.90899
0.79822
1.06946
0.93504
0.94347
0.60398
0.64628
0.31528
1.51394
0.43082
1.06774
0.51793
2.26328
0.81452
1.17710
0.93538
1.03723
1.10813
0.80748
0.98853
1.04469
1.14588
1.43963
1.00728
1.69837
0.69810
0.49073
0.43508
1.16352
1.12687
0.35688
1.50463
0.67682
1.55733
1.48092
0.44970
0.82525
0.82163
0.80128
1.44750
0.29354
0.97752
1.11570
2.15386
1.44692
0.48913
1.45350
0.94409
0.98249
0.38579
0.86978
1.46456
0.42958
1.17480
1.09776
1.05901
0.84237
0.55063
1.08717
1.71037
0.75438
1.36065
1.13363
0.80484
0.89318
0.86057
1.78902
1.46227
0.83632
1.04823
1.58194
0.92513
0.52981
0.63420
1.86436
1.02761
1.21900
1.62326
0.48198
1.27413
0.59199
1.29755
0.98906
1.22775
0.95086
1.79309
1.50097
0.12880
0.92735
1.90239
0.89747
1.11776
1.38695
0.57393
0.50206
1.08471
1.10874
1.16843
0.84706
2.02775
0.64666
1.03871
0.38430
0.90909
0.68660
0.25983
0.73763
0.81193
0.77177
0.72227
0.65376
1.75330
0.38321
0.97262
0.50814
1.19929
1.43374
0.92863
1.51474
1.41436
0.32808
0.74486
0.67809
0.25768
0.92811
0.74282
0.67757
0.89854
1.21386
0.90609
1.41749
1.06174
1.03896
0.69460
0.82681
0.62866
0.97327
0.63541
0.89877
0.53647
0.46551
0.78554
1.19928
1.26561
1.45558
1.19059
0.86951
0.60054
0.77241
1.51069
0.70052
0.79164
0.93223
0.22353
1.46486
0.75158
0.91677
0.47742
0.24127
1.05051
0.62093
0.88974
1.31933
1.38194
1.23390
1.13722
0.93859
1.05263
0.77918
0.43412
1.67350
0.37313
1.00929
1.36788
0.46143
0.92070
0.97933
0.66591
0.74546
0.54745
1.18017
0.56941
1.78256
0.10007
1.36481
1.22730
1.11129
1.31282
0.49094
0.31047
1.00470
1.49127
0.17981
0.90727
0.83443
0.83260
1.21905
0.97872
1.05426
0.68391
0.84203
1.76147
0.86147
0.43263
1.81246
1.07698
1.14446
0.96422
0.85307
0.73195
0.76300
0.96291
0.24302
0.89473
1.28832
1.55708
0.43024
0.68691
1.23828
1.40420
1.55854
0.92738
0.47183
0.94464
1.23056
2.19319
1.28944
0.79960
0.78040
1.16679
0.87633
1.85408
1.38488
0.53131
1.30327
2.52733
1.15309
0.41774
0.66054
1.07500
0.51999
1.65369
0.75346
1.51112
1.41313
1.30205
1.70205
2.02658
0.63790
1.06667
0.59484
0.52530
1.04252
1.29931
0.43829
0.61925
1.39936
0.77389
0.98702
1.21074
0.85582
0.97839
1.58118
0.59387
0.57739
0.63776
1.12344
1.08713
0.90244
0.63629
0.58246
1.04842
1.32243
1.26611
1.34047
1.06717
1.07336
0.74006
0.56892
0.84711
0.78067
0.53000
0.99044
1.10286
0.83148
0.91492
0.60195
1.48102
1.22504
1.37564
1.79779
1.21139
0.99479
0.60922
0.72374
1.02565
1.63991
0.81784
0.75905
1.33131
1.10810
1.86871
0.73895
0.70489
1.18227
0.74820
1.15101
1.07353
1.31492
0.73258
0.64924
0.93630
1.20453
1.48462
0.55169
0.63453
0.79148
0.84678
0.74102
0.49712
0.93145
0.68858
1.18658
0.60778
1.45545
0.91742
0.68135
0.83272
0.93540
1.23012
0.57905
1.96401
1.12913
1.22632
0.94367
1.03549
0.87187
0.44705
1.13127
1.13558
1.90196
0.56505
0.82950
1.33332
0.99974
0.94156
1.36948
1.00674
1.27378
1.05863
1.23285
0.32657
0.97433
0.87423
1.03769
0.78480
1.01743
0.67272
0.53241
1.35202
0.48300
0.78307
1.12617
1.37541
0.65704
0.86192
0.93780
1.25164
0.76365
0.82136
0.84201
0.88439
0.58583
1.10142
0.59028
1.16735
0.99674
1.73406
1.32848
1.77797
0.26122
1.00013
0.62432
1.37365
0.81058
1.38800
1.94419
1.31137
0.93455
0.84556
0.67459
0.69045
1.33101
0.75457
1.00810
0.62163
0.95973
1.05550
0.70254
1.25663
0.62769
1.50249
1.32228
1.09998
0.63743
0.77874
0.54477
0.92982
0.81799
0.97612
1.42312
1.47953
1.42313
1.27807
1.48133
0.80307
0.86687
1.02052
0.99383
0.72653
0.95084
0.29296
1.12163
0.91707
0.26372
0.70395
1.02197
0.70881
0.43096
1.07827
0.90324
0.49084
0.41612
0.99433
1.39545
1.28494
1.03952
1.44215
0.73005
0.55924
0.42339
0.98476
1.44262
1.15862
0.58046
1.19457
0.96568
0.86645
1.39753
0.69311
1.44775
1.12364
1.10031
0.89081
2.16217
0.77055
1.01993
0.41119
0.90723
0.71841
1.20177
0.67435
0.70319
1.12858
0.40216
1.57215
1.27211
0.57462
1.18507
0.26363
0.99833
1.30811
1.02342
1.56082
1.28679
0.86140
0.85800
0.83109
1.23695
1.19818
1.36900
1.36999
1.34594
0.58379
1.34234
0.70456
0.92975
0.94748
0.68327
1.24754
0.56865
0.88462
1.36882
1.30411
0.76700
1.80666
0.50653
1.18698
1.10022
1.62435
1.43816
0.64110
0.60272
1.35878
0.76021
0.54074
0.93419
0.71790
1.25983
0.80745
1.08531
1.47445
0.54770
1.53442
1.02199
0.53787
1.12073
0.74013
0.70524
1.21503
1.22312
1.11819
1.69528
1.11940
1.01504
1.38021
1.09776
0.46331
0.35927
0.60102
1.27821
1.31978
0.49805
1.21631
1.41317
0.77595
1.59726
1.43518
0.48660
0.71243
1.68975
0.92643
0.48718
1.38784
0.86878
1.37174
0.53318
1.16081
1.18761
0.83652
1.08999
0.58298
1.17361
0.50403
0.51170
1.34466
1.22569
0.96431
1.14922
1.21895
0.69994
1.73805
0.82881
0.63323
0.67226
1.37563
1.24243
0.81532
1.36421
0.97464
0.80259
0.44330
1.10545
0.98630
0.58087
1.27169
0.82265
0.78551
1.69743
0.70238
0.95661
1.08661
1.58349
0.51957
1.03915
1.30533
0.92675
1.36380
0.90690
0.91615
0.39668
1.17336
1.98819
1.39108
1.21674
0.31184
1.15501
0.42063
1.37831
0.82423
1.12069
1.63559
1.20980
0.84644
0.56536
0.58422
1.48052
1.06192
0.99647
0.91210
0.88181
0.30734
1.39638
0.76123
0.88766
0.75248
1.75007
1.21027
1.37278
0.61525
1.22644
1.21076
0.59852
1.15846
0.64791
1.36331
1.48048
1.41712
1.63785
0.55954
0.43779
0.77611
0.32482
0.93245
0.81767
1.36541
0.78679
0.72244
1.15378
1.28558
1.09789
0.25814
0.98151
0.87078
0.71521
0.99918
0.80833
