0.56335
0.98434
0.36236
0.62143
0.49474
0.91542
0.90280
1.09243
0.57788
0.37234
1.01343
1.05223
0.25492
0.59369
0.44230
1.44987
1.13510
0.98218
0.33821
0.47358
0.79949
1.71827
1.13297
0.72008
0.23985
0.71306
1.30856
1.57588
0.91477
1.27444
0.94662
1.07289
0.30770
0.51218
1.37968
1.11850
0.91320
0.27854
0.38046
0.56181
0.42806
1.22986
0.81726
0.63071
0.52579
0.49335
0.84665
0.68582
1.48836
0.83014
1.26621
0.37518
0.49300
0.81262
0.78503
0.98115
0.35534
0.81185
0.72042
0.65384
0.80215
1.07732
0.60645
0.67615
1.84262
0.46107
0.77282
1.00228
1.18196
0.86114
1.03672
0.34398
0.78307
0.51384
0.53935
1.00298
0.76642
1.47122
1.93159
0.62980
0.62550
0.97162
1.46472
0.96203
1.02785
1.18294
0.11158
0.98645
1.00646
0.28177
0.89045
1.28477
0.71295
0.44154
0.93713
1.30340
0.71052
1.03152
1.67901
1.26520
0.96382
0.87778
0.35401
0.81360
0.20565
0.68368
0.35910
1.34122
0.72279
0.49293
0.88938
0.98859
0.79951
0.96821
0.59179
1.19340
0.79234
0.72931
0.97823
0.88791
0.63656
0.45129
0.52874
0.60127
0.92893
0.20056
1.14139
0.70938
0.84658
0.45090
0.37808
0.61773
0.50044
0.71887
1.22532
0.77287
0.46044
1.47592
0.99502
0.47981
1.64531
0.95456
0.98341
0.16083
0.88804
0.97575
1.72626
1.14930
0.95204
0.33013
0.55057
1.79134
1.21353
0.27495
0.90497
0.31178
0.85870
1.94003
0.51830
0.25072
0.83291
0.35677
0.56745
0.77170
0.76105
1.04546
1.14834
1.10635
0.69293
0.40687
1.22885
1.09673
0.61071
0.41188
0.86170
1.52881
0.83537
0.63536
1.36887
0.38817
1.29721
0.15838
1.62798
1.06460
0.54064
0.83979
0.27795
0.97843
1.62120
0.66530
0.27965
1.49584
0.95499
1.65863
0.50463
1.02436
0.45183
1.60785
1.10921
0.56946
1.46101
0.24001
0.70835
0.39385
0.46780
1.04968
0.55820
1.01079
0.82192
1.69275
0.95355
1.06081
0.75906
1.27118
0.38085
1.08306
1.46078
0.88305
0.63237
0.42261
0.51334
2.06462
0.83604
0.76982
0.90103
0.43214
0.45338
0.88260
0.75058
0.35880
0.21954
0.73308
0.82894
0.72111
1.27651
0.84396
0.58365
0.94693
0.85348
0.33262
1.42421
1.06643
0.91526
1.05354
0.36798
0.40921
1.08965
0.29404
0.88700
0.70371
0.85085
1.11238
0.90954
0.43396
0.61445
0.80002
0.80760
0.54016
1.01138
0.54804
0.95418
1.61076
0.45963
0.49029
0.76741
1.14506
0.49406
0.43673
0.55019
1.02309
1.77139
0.58572
0.34358
0.85290
0.95661
0.55100
1.18018
0.56173
0.33270
0.90477
1.35943
1.27145
0.98345
0.50032
0.61763
1.16145
0.78996
0.42661
0.54199
0.75987
1.32267
1.52930
0.54291
0.96442
1.80777
0.67320
0.61811
0.27008
0.73409
0.59685
0.27785
0.92812
1.27257
1.53264
0.69294
1.83717
0.36500
0.84565
0.48728
0.56680
0.97598
0.50932
0.94014
0.81989
0.75280
1.99978
0.49896
0.49946
1.26310
0.36039
0.43403
0.33066
0.41774
0.83042
1.98140
0.33233
0.89550
0.47929
0.48193
0.66458
0.65077
0.74314
0.70539
1.24157
0.65935
1.40970
1.22950
0.08149
1.04730
0.55458
0.08941
0.66964
0.76351
0.37539
0.79649
0.46945
0.52569
1.48981
1.09261
0.66812
0.90104
1.20259
0.39018
1.66558
1.20078
1.46334
0.82601
0.83948
0.51206
0.50737
1.17589
1.06352
0.50574
0.62560
0.42908
0.66706
0.13638
0.71935
0.38090
0.61415
0.93493
0.61599
0.56306
0.68119
0.57436
1.43573
0.65098
1.24012
2.13099
0.53952
1.53192
0.70239
0.98240
1.27178
0.68118
1.30789
2.14072
0.68664
0.92260
1.23415
0.54302
0.60795
0.47003
1.41548
1.47269
0.99931
1.50708
0.96112
0.81855
1.12689
0.39959
0.56240
0.73565
1.04239
0.96649
0.67705
1.09813
1.01200
1.39968
0.34036
0.70323
1.46941
0.57925
1.29709
1.11056
0.56845
1.07618
0.99612
2.22173
0.94759
1.13889
0.38620
1.46351
0.44391
0.95120
0.72031
1.14081
1.21402
0.56833
1.51841
1.35162
1.05409
0.59695
1.49800
1.60068
1.05789
1.04127
0.50817
1.63454
1.14768
0.66866
0.38344
0.63657
0.77916
1.40695
0.53122
0.17470
1.31861
1.26489
0.71796
0.82342
1.06907
1.39343
1.12224
0.75154
0.55122
1.06891
0.83910
0.98701
1.39683
0.92023
0.92768
0.68101
0.54242
1.26792
1.17484
0.67160
0.73977
0.45845
0.58022
0.83625
0.69925
1.54431
1.58704
1.11860
0.70572
0.87809
0.65075
1.03254
0.18612
1.08905
0.09527
0.97591
0.81672
1.20466
0.61542
0.78262
0.97230
0.80488
0.69651
0.95321
1.37691
1.13269
0.57243
0.59267
0.86687
0.97813
0.92391
0.57075
0.64334
0.76874
1.23541
0.84897
0.62058
0.50430
0.87744
1.08446
0.24364
1.12630
1.05970
0.79486
1.51870
1.23119
0.89868
0.90477
1.64575
1.42142
0.73240
0.99871
0.94771
1.36421
0.74462
0.72665
1.34445
0.77235
1.08787
0.41609
1.25674
0.58965
1.07885
0.93195
1.00253
1.08411
1.00745
0.76210
0.90620
0.78242
0.41136
1.16292
1.10464
0.78818
1.44710
1.75772
0.09076
0.24964
0.64561
1.40242
0.69810
0.77066
0.34884
0.56154
0.49009
1.40450
0.98706
0.88616
0.30054
1.13547
1.25586
0.75402
1.51793
1.45706
1.12091
0.71754
1.07416
1.17154
0.81786
1.46229
0.67114
0.59652
0.80859
1.02696
1.03436
0.91047
0.61376
1.99673
0.54042
0.63606
0.95857
0.91628
1.59965
0.80436
0.27246
0.63898
1.09351
0.49733
0.38150
0.52006
0.29411
1.09741
1.08897
1.62809
0.23243
0.61565
0.19471
1.20382
1.26470
1.26435
1.01019
0.47725
0.96840
1.64765
1.63129
1.01026
0.55803
0.88870
2.02199
0.75645
0.31660
1.04536
0.98605
1.13673
1.34951
0.81677
1.17455
0.98815
0.66987
0.86566
1.12787
0.85449
1.24962
1.57792
0.85069
0.71965
0.41021
0.89950
0.73251
0.11607
1.35691
1.10004
1.05986
0.51332
1.75266
1.69881
0.93714
1.06374
0.97185
0.89316
0.74803
0.61032
0.81111
0.89348
0.41416
0.73515
0.82480
0.47496
0.13731
1.12444
1.60963
1.27091
0.32141
0.73759
1.71658
0.83624
0.30125
0.62960
0.58259
1.33046
0.30828
1.06636
1.36866
1.76684
1.03827
1.28827
1.11577
0.96313
1.65663
0.76503
1.26323
0.95094
0.82364
0.90860
1.19178
1.15490
0.44409
0.97639
0.50396
0.49804
1.14525
0.83075
0.98469
1.91807
1.13374
0.65644
0.65508
2.37478
1.33831
1.01859
0.25772
1.37052
1.27275
0.89527
0.65067
1.09805
0.70158
0.78778
0.55140
1.55887
0.44069
0.84209
1.47438
2.16719
0.63518
0.43442
0.94961
0.49099
1.19823
2.04345
1.29420
0.83523
0.67664
1.14872
1.25673
1.27235
1.30812
1.79349
0.72748
0.47002
0.41154
0.75520
0.40874
0.85653
0.60621
0.23689
0.74387
0.79576
1.00618
0.79939
0.39408
1.89226
0.61703
0.79806
0.95827
0.84958
0.47221
1.64903
0.76782
0.65068
0.51103
0.85638
0.64930
1.10907
0.74769
1.10790
0.72535
1.28340
0.55267
1.34090
0.21474
1.08932
1.36294
0.80182
1.82001
0.21710
0.48811
1.27975
0.21473
1.29021
1.48923
0.86718
1.06455
1.12690
0.38990
0.62797
1.43932
0.39685
0.79350
0.58181
0.69647
0.49336
0.41464
1.39016
0.98883
0.12106
0.71071
1.29792
0.93163
1.14437
1.89093
1.37612
0.46595
0.89731
1.85161
1.47192
0.80387
1.31554
1.17843
1.50451
1.23616
0.52585
1.44174
0.17721
0.72575
1.45513
0.64470
1.30850
1.15696
1.03289
0.99680
0.92736
1.45366
1.28330
0.41791
0.91007
0.80386
0.83107
0.89471
1.05416
0.99306
0.54232
0.47279
0.83397
1.05369
0.56921
0.59478
0.96382
1.34040
0.94202
1.98478
0.91451
1.21654
0.68783
1.85059
0.40106
1.47565
0.75567
1.32976
1.51027
0.96560
1.06770
1.27566
1.38393
1.00332
0.71100
0.88603
1.79372
0.60878
1.35057
0.69552
1.75808
1.20114
0.53883
0.63283
1.31757
1.19537
0.90964
0.82121
0.62111
0.91796
0.80873
0.71304
1.04326
1.12163
1.09648
0.62917
1.43624
0.71029
0.57923
0.79076
1.08275
0.58413
1.29787
1.43498
0.77331
0.63634
1.40878
1.04482
0.68561
0.57722
0.49743
0.53597
1.38984
0.92843
0.88282
0.83894
1.26528
1.76467
1.41515
0.66046
1.02253
1.02865
1.46102
1.61322
1.12025
1.25927
0.39530
1.51354
1.03028
0.98027
1.21470
1.20647
0.91012
1.24599
1.12917
1.71088
0.80146
0.68708
0.19992
1.85310
0.44912
1.16779
1.16085
0.76033
0.54583
0.79271
0.64296
1.27060
1.23331
1.02596
0.75778
0.70525
1.18035
0.47840
0.34713
1.24335
0.77977
1.13957
1.38869
1.08727
0.78657
0.20125
0.76428
0.52518
2.01189
1.12611
1.32245
0.67573
0.76669
1.71684
1.25158
0.84592
0.79373
1.22683
0.75686
1.27171
0.74967
1.47332
0.79814
1.49340
0.65197
1.01173
1.37716
1.81896
1.21387
0.95781
0.96465
1.18815
1.42836
0.92350
0.79243
0.49186
1.42215
0.89718
0.58398
0.92162
1.36005
1.79029
1.30548
1.21488
1.95427
1.79747
1.94660
1.05027
0.43048
0.93015
0.87981
1.46255
1.48195
1.27472
1.09838
1.52628
1.40412
0.60632
0.79986
1.90014
1.29521
0.72496
0.90602
0.68431
1.04767
1.41160
0.78818
1.07317
1.24750
0.26719
1.17043
0.79979
0.58771
0.81602
1.77442
1.20135
0.27900
0.93972
